50	7.8385e-06
150	8.4118e-06
250	1.03434e-05
350	1.38034e-05
450	9.5877e-06
550	1.07335e-05
650	2.18545e-05
750	1.3121e-05
850	1.42049e-05
950	1.54416e-05
1000	1.77213e-05
1050	1.97981e-05
1100	2.03346e-05
1150	2.09375e-05
1200	4.0953e-05
1250	2.21134e-05
1300	2.26215e-05
1350	2.33164e-05
1400	2.3839e-05
1450	2.44298e-05
1500	2.593e-05
1550	2.85952e-05
1600	2.91876e-05
1650	2.97026e-05
1700	3.15058e-05
1750	3.07538e-05
1800	3.14953e-05
1850	3.2127e-05
1900	3.2992e-05
1950	3.83039e-05
2000	3.52211e-05
2050	3.67066e-05
2100	3.73788e-05
2150	3.80146e-05
2200	3.87512e-05
2250	3.93812e-05
2300	3.9888e-05
2350	4.04708e-05
2400	8.99331e-05
2450	4.16612e-05
2500	4.29686e-05
2550	4.4787e-05
2600	4.58162e-05
2650	4.61287e-05
2700	4.67068e-05
2750	4.72706e-05
2800	4.79431e-05
2850	4.94172e-05
2900	4.92605e-05
2950	4.96417e-05
3000	5.13685e-05
3050	5.3011e-05
3100	5.36616e-05
3150	5.42913e-05
3200	5.48271e-05
3250	5.54115e-05
3300	5.82742e-05
3350	5.68405e-05
3400	5.87913e-05
3450	5.77789e-05
3500	6.00084e-05
3550	6.11322e-05
3600	6.17753e-05
3650	6.23329e-05
3700	6.29289e-05
3750	6.36967e-05
3800	6.49998e-05
3850	6.48604e-05
3900	6.554e-05
3950	6.58651e-05
4000	6.7275e-05
4050	6.91e-05
4100	6.97896e-05
4150	7.04796e-05
4200	7.12567e-05
4250	7.1986e-05
4300	7.23414e-05
4350	7.30861e-05
4400	7.38965e-05
4450	7.72554e-05
4500	7.59457e-05
4550	7.75075e-05
4600	7.81035e-05
4650	8.07212e-05
4700	0.000177976
4750	7.99868e-05
4800	8.05889e-05
4850	8.12058e-05
4900	8.18672e-05
4950	8.22187e-05
5000	8.4011e-05
5050	8.55985e-05
5100	8.63282e-05
5150	8.78388e-05
5200	8.76209e-05
5250	8.82691e-05
5300	8.8747e-05
5350	8.9451e-05
5400	9.29185e-05
5450	9.07837e-05
5500	9.24681e-05
5550	9.54508e-05
5600	9.5871e-05
5650	9.72788e-05
5700	9.59182e-05
5750	9.64316e-05
5800	9.72491e-05
5850	0.000100638
5900	9.84966e-05
5950	9.90404e-05
6000	0.000100525
6050	0.000103765
6100	0.000104849
6150	0.00010336
6200	0.000103991
6250	0.000104551
6300	0.000105169
6350	0.000105967
6400	0.000108224
6450	0.000108487
6500	0.000109048
6550	0.000111584
6600	0.000112575
6650	0.00011302
6700	0.000112126
6750	0.000112703
6800	0.000113583
6850	0.000114119
6900	0.000114684
6950	0.000117527
7000	0.000117345
7050	0.000119491
7100	0.000120397
7150	0.000120857
7200	0.000120247
7250	0.000122571
7300	0.000122926
7350	0.000122305
7400	0.00012286
7450	0.000123551
7500	0.000124947
7550	0.000126618
7600	0.000127188
7650	0.000129404
7700	0.000129735
7750	0.00012892
7800	0.00013116
7850	0.000134919
7900	0.000130919
7950	0.000131668
8000	0.000133154
8050	0.000134653
8100	0.000135603
8150	0.000136143
8200	0.000136919
8250	0.000138785
8300	0.00013926
8350	0.000138491
8400	0.000139256
8450	0.00014083
8500	0.000141778
8550	0.000142906
8600	0.000143657
8650	0.000144408
8700	0.000144942
8750	0.000145678
8800	0.000146052
8850	0.000146862
8900	0.000148225
8950	0.000148067
9000	0.000150585
9050	0.000151072
9100	0.000151693
9150	0.000152469
9200	0.000153
9250	0.000153882
9300	0.000154135
9350	0.00034757
9400	0.000156584
9450	0.000155613
9500	0.000157909
9550	0.000158558
9600	0.000162231
9650	0.000159927
9700	0.000160539
9750	0.000161092
9800	0.000162482
9850	0.000162629
9900	0.000163207
9950	0.000163674
10000	0.000165901
10050	0.000166817
10100	0.000167271
10150	0.00016805
10200	0.0001685
10250	0.000169552
10300	0.00017107
10350	0.000170824
10400	0.000171241
10450	0.000171665
10500	0.00017381
10550	0.000175008
10600	0.000175647
10650	0.000176094
10700	0.000176901
10750	0.000178202
10800	0.000178118
10850	0.000180286
10900	0.00018059
10950	0.000179936
11000	0.000181708
11050	0.000183021
11100	0.00018385
11150	0.000186916
11200	0.000186559
11250	0.000185515
11300	0.000186018
11350	0.00018671
11400	0.00018747
11450	0.000188116
11500	0.000189603
11550	0.000191188
11600	0.000192013
11650	0.000196268
11700	0.000192967
11750	0.00019361
11800	0.000195557
11850	0.000196574
11900	0.000195719
11950	0.000196276
12000	0.000198467
12050	0.000199488
12100	0.000203132
12150	0.000202015
12200	0.000201163
12250	0.000201896
12300	0.000202311
12350	0.00020328
12400	0.000205458
12450	0.000205635
12500	0.000205932
12550	0.000212004
12600	0.000210209
12650	0.000208782
12700	0.000209209
12750	0.000209921
12800	0.000210444
12850	0.00021144
12900	0.000211884
12950	0.000212694
13000	0.000213987
13050	0.00021726
13100	0.000216163
13150	0.000216841
13200	0.000217313
13250	0.000217942
13300	0.000218731
13350	0.000219381
13400	0.000219858
13450	0.000223116
13500	0.000222253
13550	0.000224082
13600	0.000227413
13650	0.000224701
13700	0.000225347
13750	0.000227768
13800	0.000228137
13850	0.000227264
13900	0.000228002
13950	0.000228676
14000	0.000230916
14050	0.000232013
14100	0.000232309
14150	0.000233088
14200	0.000236359
14250	0.000234195
14300	0.000234681
14350	0.000235708
14400	0.000236419
14450	0.000236859
14500	0.000238652
14550	0.000240154
14600	0.000240844
14650	0.000242237
14700	0.000243457
14750	0.000243453
14800	0.000242868
14850	0.000243575
14900	0.000244204
14950	0.000246493
15000	0.000246416
15050	0.000248022
15100	0.000248723
15150	0.000249196
15200	0.000252724
15250	0.000250288
15300	0.000251066
15350	0.00025171
15400	0.000253314
15450	0.000253302
15500	0.000255877
15550	0.000257159
15600	0.000257847
15650	0.000262325
15700	0.00025874
15750	0.000260771
15800	0.000261361
15850	0.000260725
15900	0.000262784
15950	0.00026175
16000	0.000264192
16050	0.000266057
16100	0.000266255
16150	0.000265775
16200	0.000265927
16250	0.000266779
16300	0.000267344
16350	0.000269178
16400	0.000271603
16450	0.000272216
16500	0.000270994
16550	0.000272802
16600	0.000273045
16650	0.000276777
16700	0.00027417
16750	0.00027487
16800	0.000276941
16850	0.000279053
16900	0.000276866
16950	0.00027744
17000	0.000280051
17050	0.000282223
17100	0.000282534
17150	0.000285238
17200	0.000285196
17250	0.000283791
17300	0.000286325
17350	0.000284285
17400	0.000284732
17450	0.000285502
17500	0.000287646
17550	0.000291717
17600	0.000289358
17650	0.000289968
17700	0.000290683
17750	0.00029278
17800	0.000294715
17850	0.000292285
17900	0.000295887
17950	0.000293394
18000	0.000294947
18050	0.000296913
18100	0.000297349
18150	0.000298201
18200	0.000299505
18250	0.000302189
18300	0.000299575
18350	0.000300551
18400	0.000304
18450	0.000304847
18500	0.000304421
18550	0.000306453
18600	0.000307295
18650	0.000688169
18700	0.000309614
18750	0.000309934
18800	0.000312076
18850	0.000312469
18900	0.000311897
18950	0.000312887
19000	0.000314733
19050	0.000317318
19100	0.00031903
19150	0.000317248
19200	0.000317585
19250	0.000318179
19300	0.000318785
19350	0.000319344
19400	0.000320249
19450	0.000320578
19500	0.000322919
19550	0.000325832
19600	0.000326472
19650	0.000326634
19700	0.000325852
19750	0.000329197
19800	0.000327132
19850	0.000327775
19900	0.00033131
19950	0.000333802
20000	0.000330966
20050	0.000333537
20100	0.000332871
20150	0.000336554
20200	0.000334142
20250	0.000334527
20300	0.000338205
20350	0.000335778
20400	0.000336564
20450	0.000337102
20500	0.000339002
20550	0.00034047
20600	0.000341176
20650	0.0003417
20700	0.00034215
20750	0.000342898
20800	0.000344723
20850	0.000345572
20900	0.000344903
20950	0.000345414
21000	0.000348472
21050	0.000348505
21100	0.000349345
21150	0.00034975
21200	0.000350494
21250	0.000351008
21300	0.000351686
21350	0.000355126
21400	0.000353207
21450	0.000355335
21500	0.000355779
21550	0.000356772
21600	0.0003573
21650	0.000358177
21700	0.000358697
21750	0.000359261
21800	0.000360055
21850	0.000360561
21900	0.000361617
21950	0.000362694
22000	0.000364362
22050	0.000368025
22100	0.000367611
22150	0.000372213
22200	0.000370173
22250	0.000370893
22300	0.000369024
22350	0.000372012
22400	0.000372146
22450	0.000370428
22500	0.000373589
22550	0.000373969
22600	0.000375903
22650	0.000375283
22700	0.000376509
22750	0.000377769
22800	0.000378487
22850	0.000378327
22900	0.000378481
22950	0.000383312
23000	0.000380965
23050	0.000382422
23100	0.000382955
23150	0.000386518
23200	0.000385413
23250	0.000391781
23300	0.000388498
23350	0.000387091
23400	0.000389382
23450	0.000390013
23500	0.000389393
23550	0.000393284
23600	0.000391088
23650	0.000393325
23700	0.00039364
23750	0.000392762
23800	0.000394682
23850	0.00039454
23900	0.000394975
23950	0.00039842
24000	0.000397163
24050	0.000401754
24100	0.00039953
24150	0.000399927
24200	0.000401097
24250	0.00040721
24300	0.000403344
24350	0.000403671
24400	0.000407322
24450	0.000403037
24500	0.000406972
24550	0.000407787
24600	0.00040988
24650	0.000410419
24700	0.000413537
24750	0.000416036
24800	0.000409439
24850	0.000410219
24900	0.000410991
24950	0.000412966
25000	0.000413124
25050	0.000419041
25100	0.000416484
25150	0.000417425
25200	0.000417901
25250	0.00042148
25300	0.000421489
25350	0.000418146
25400	0.000421675
25450	0.000422033
25500	0.00042214
25550	0.000422896
25600	0.000424349
25650	0.0004271
25700	0.00042449
25750	0.000430747
25800	0.000425586
25850	0.000426602
25900	0.000427288
25950	0.000430602
26000	0.000429305
26050	0.000433801
26100	0.000435889
26150	0.0004322
26200	0.000433703
26250	0.000436134
26300	0.000433725
26350	0.0004364
26400	0.000439216
26450	0.000436979
26500	0.000437878
26550	0.000443347
26600	0.000439444
26650	0.000442086
26700	0.000442486
26750	0.000441464
26800	0.000441987
26850	0.000446086
26900	0.000443543
26950	0.000443698
27000	0.000446146
27050	0.000450142
27100	0.000450968
27150	0.000451486
27200	0.000448736
27250	0.000452298
27300	0.000450992
27350	0.000453537
27400	0.000454719
27450	0.000451715
27500	0.00045443
27550	0.000458059
27600	0.000455897
27650	0.000456901
27700	0.000463166
27750	0.000457593
27800	0.000458351
27850	0.000459193
27900	0.000459896
27950	0.000460336
28000	0.000462798
28050	0.000465125
28100	0.000465663
28150	0.000466334
28200	0.000469619
28250	0.000466111
28300	0.000466635
28350	0.000467182
28400	0.000468164
28450	0.000470321
28500	0.000471057
28550	0.000471341
28600	0.000472399
28650	0.00047302
28700	0.000473302
28750	0.000473861
28800	0.000474884
28850	0.000475569
28900	0.000480831
28950	0.000476431
29000	0.000479253
29050	0.000479927
29100	0.00048048
29150	0.00048116
29200	0.000481734
29250	0.000484859
29300	0.000485913
29350	0.00048479
29400	0.000484711
29450	0.000487853
29500	0.00048687
29550	0.000491161
29600	0.000490696
29650	0.000489176
29700	0.000489931
29750	0.000493187
29800	0.000491407
29850	0.000493169
29900	0.000493234
29950	0.000495968
30000	0.000495335
30050	0.000496601
30100	0.000497267
30150	0.00050058
30200	0.000498323
30250	0.000501119
30300	0.000501607
30350	0.000500126
30400	0.000502812
30450	0.000503012
30500	0.000504085
30550	0.000509806
30600	0.000508566
30650	0.000508723
30700	0.000509171
30750	0.000511992
30800	0.000511898
30850	0.000522438
30900	0.00050939
30950	0.000509257
31000	0.000512483
31050	0.000518898
31100	0.000513386
31150	0.00051671
31200	0.000515674
31250	0.00051808
31300	0.000515999
31350	0.000519351
31400	0.00051758
31450	0.000517635
31500	0.000521069
31550	0.000521151
31600	0.000521481
31650	0.000522436
31700	0.000528128
31750	0.000523028
31800	0.000527094
31850	0.000524752
31900	0.000527108
31950	0.000527174
32000	0.000528468
32050	0.000530208
32100	0.000530011
32150	0.000534206
32200	0.000530995
32250	0.000531663
32300	0.000532508
32350	0.000535601
32400	0.000534945
32450	0.000535465
32500	0.000536843
32550	0.000537304
32600	0.000542411
32650	0.000538928
32700	0.000540797
32750	0.000542986
32800	0.000541923
32850	0.000543838
32900	0.000541577
32950	0.000542106
33000	0.000546932
33050	0.000550826
33100	0.000550815
33150	0.000547259
33200	0.00055017
33250	0.00055081
33300	0.000554315
33350	0.000548803
33400	0.000553068
33450	0.000550866
33500	0.000553577
33550	0.000555206
33600	0.000554287
33650	0.000557857
33700	0.000558372
33750	0.000555865
33800	0.000556931
33850	0.000557969
33900	0.000561099
33950	0.000561645
34000	0.00056258
34050	0.000564789
34100	0.000565578
34150	0.000565652
34200	0.000570087
34250	0.000564556
34300	0.000564968
34350	0.000568808
34400	0.000566056
34450	0.000569444
34500	0.000570147
34550	0.000577333
34600	0.000574056
34650	0.000571475
34700	0.00057473
34750	0.000574093
34800	0.000574161
34850	0.000573993
34900	0.00057486
34950	0.000578857
35000	0.000577912
35050	0.000578572
35100	0.000579195
35150	0.000582743
35200	0.000580187
35250	0.000580943
35300	0.000584703
35350	0.000582066
35400	0.000587247
35450	0.000587196
35500	0.000586053
35550	0.000586638
35600	0.000590347
35650	0.00058809
35700	0.000588378
35750	0.000588997
35800	0.000589413
35850	0.000590203
35900	0.000595189
35950	0.000591483
36000	0.000596043
36050	0.000594985
36100	0.000598599
36150	0.000595776
36200	0.00059956
36250	0.000597136
36300	0.000602629
36350	0.000601608
36400	0.000601843
36450	0.00059937
36500	0.000602062
36550	0.000605617
36600	0.000605457
36650	0.000605588
36700	0.000606185
36750	0.000607897
36800	0.000614614
36850	0.000606905
36900	0.000607717
36950	0.000607976
37000	0.000611209
37050	0.000611505
37100	0.000612738
37150	0.000615654
37200	0.000616591
37250	0.000613865
37300	0.00138007
37350	0.000611338
37400	0.000612358
37450	0.000615485
37500	0.000615638
37550	0.000615873
37600	0.000619082
37650	0.000620533
37700	0.000617927
37750	0.000620358
37800	0.000619278
37850	0.000619578
37900	0.00062046
37950	0.00062094
38000	0.000623499
38050	0.000624245
38100	0.000625032
38150	0.000631241
38200	0.000627795
38250	0.000626461
38300	0.000627268
38350	0.00063223
38400	0.000629492
38450	0.000632223
38500	0.000630973
38550	0.000632522
38600	0.000636059
38650	0.000634894
38700	0.000636831
38750	0.000640356
38800	0.000635258
38850	0.000635879
38900	0.000636551
38950	0.000643923
39000	0.000639312
39050	0.000640421
39100	0.000643594
39150	0.000641922
39200	0.000642408
39250	0.000644908
39300	0.00064304
39350	0.000646859
39400	0.000647828
39450	0.000645579
39500	0.000648593
39550	0.00065174
39600	0.000653903
39650	0.000652699
39700	0.000650769
39750	0.000650931
39800	0.000651354
39850	0.000652532
39900	0.000652989
39950	0.000653888
40000	0.000656409
40050	0.000661162
40100	0.000657585
40150	0.000658443
40200	0.00065913
40250	0.000661559
40300	0.000662491
40350	0.000663046
40400	0.000666555
40450	0.000664257
40500	0.000666193
40550	0.000667692
40600	0.000674543
40650	0.000666543
40700	0.000666829
40750	0.000669957
40800	0.000670492
40850	0.000668621
40900	0.000668986
40950	0.000669954
41000	0.000673246
41050	0.000672619
41100	0.000673385
41150	0.000674523
41200	0.000677894
41250	0.000677746
41300	0.000681668
41350	0.000682356
41400	0.000677455
41450	0.000681153
41500	0.00068132
41550	0.000680762
41600	0.000682419
41650	0.000685154
41700	0.000689205
41750	0.000686477
41800	0.000683758
41850	0.000684806
41900	0.00068557
41950	0.000696446
42000	0.000689689
42050	0.000690593
42100	0.000695421
42150	0.000690837
42200	0.000691119
42250	0.000691472
42300	0.000692291
42350	0.000695655
42400	0.000694734
42450	0.000697065
42500	0.000697633
42550	0.000697694
42600	0.000698535
42650	0.000701014
42700	0.000700575
42750	0.000701916
42800	0.000706369
42850	0.000702276
42900	0.000701713
42950	0.000702009
43000	0.000705179
43050	0.000705823
43100	0.000705687
43150	0.000709565
43200	0.000707165
43250	0.000708362
43300	0.000709618
43350	0.000712041
43400	0.000712473
43450	0.000712335
43500	0.000713118
43550	0.000713571
43600	0.000720043
43650	0.000717439
43700	0.000715526
43750	0.00071641
43800	0.000720334
43850	0.000718552
43900	0.000717623
43950	0.000718602
44000	0.000722235
44050	0.000723296
44100	0.000724499
44150	0.00073775
44200	0.000723094
44250	0.000731331
44300	0.00072801
44350	0.0007257
44400	0.000730693
44450	0.000729766
44500	0.000730181
44550	0.00073339
44600	0.000737226
44650	0.000731784
44700	0.000736872
44750	0.000733363
44800	0.000739585
44850	0.00073403
44900	0.000740271
44950	0.000738239
45000	0.000738914
45050	0.000738801
45100	0.000739493
45150	0.00074286
45200	0.000742814
45250	0.000744493
45300	0.000742034
45350	0.000742938
45400	0.000743668
45450	0.000746828
45500	0.000747528
45550	0.000750457
45600	0.000749188
45650	0.000749409
45700	0.000748818
45750	0.000752996
45800	0.000750646
45850	0.000753915
45900	0.000751477
45950	0.000751943
46000	0.000755522
46050	0.000757929
46100	0.000760127
46150	0.00076242
46200	0.000757138
46250	0.000757613
46300	0.000761336
46350	0.000759309
46400	0.000759703
46450	0.000763209
46500	0.000763077
46550	0.000765333
46600	0.000765892
46650	0.000766332
46700	0.000771139
46750	0.00076886
46800	0.000766931
46850	0.000773014
46900	0.000767402
46950	0.000768374
47000	0.000771852
47050	0.000774471
47100	0.000772722
47150	0.000773239
47200	0.000776261
47250	0.000775503
47300	0.000776135
47350	0.000778523
47400	0.00077948
47450	0.000776323
47500	0.000783621
47550	0.000785277
47600	0.000788766
47650	0.000788867
47700	0.000790863
47750	0.00078736
47800	0.000787648
47850	0.000793667
47900	0.000788297
47950	0.000785156
48000	0.000790541
48050	0.000790977
48100	0.00078932
48150	0.000790632
48200	0.000795605
48250	0.000793332
48300	0.000791026
48350	0.000797579
48400	0.000797832
48450	0.000799702
48500	0.000796985
48550	0.000801461
48600	0.000796576
48650	0.00079758
48700	0.000799655
48750	0.000799568
48800	0.000799222
48850	0.000803076
48900	0.000806779
48950	0.000803412
49000	0.000803624
49050	0.000809227
49100	0.000807798
49150	0.000804747
49200	0.000805727
49250	0.000808473
49300	0.000806692
49350	0.000811474
49400	0.000809301
49450	0.000811217
49500	0.000811196
49550	0.000814367
49600	0.000815094
49650	0.000818995
49700	0.000813753
49750	0.000813208
49800	0.000817862
49850	0.00081926
49900	0.000816139
49950	0.000819159
50000	0.000818781
50050	0.000822662
50100	0.000826083
50150	0.000824236
50200	0.000821598
50250	0.000822294
50300	0.000830393
50350	0.000823546
50400	0.000823778
50450	0.000824663
50500	0.000827948
50550	0.000830582
50600	0.000834303
50650	0.000832291
50700	0.000829759
50750	0.000835982
50800	0.00083405
50850	0.000831692
50900	0.000831785
50950	0.000833405
51000	0.000836423
51050	0.000838874
51100	0.000840726
51150	0.00084444
51200	0.000838477
51250	0.000844959
51300	0.000844465
51350	0.000845682
51400	0.000845614
51450	0.000843431
51500	0.000845552
51550	0.000848796
51600	0.000849228
51650	0.000859048
51700	0.000848524
51750	0.000846758
51800	0.00085303
51850	0.000853796
51900	0.000848664
51950	0.000850895
52000	0.00085323
52050	0.000855146
52100	0.000861584
52150	0.0008609
52200	0.00085713
52250	0.00085447
52300	0.000858177
52350	0.000855725
52400	0.000856916
52450	0.000861667
52500	0.000860833
52550	0.000865364
52600	0.000867121
52650	0.000861867
52700	0.000862796
52750	0.000865993
52800	0.000864087
52850	0.00086472
52900	0.000867879
52950	0.000868517
53000	0.000868359
53050	0.000875743
53100	0.00087032
53150	0.000870448
53200	0.000873324
53250	0.000870962
53300	0.0008718
53350	0.00087277
53400	0.000878415
53450	0.000873588
53500	0.000876902
53550	0.000878179
53600	0.000877658
53650	0.000879443
53700	0.000880191
53750	0.000881895
53800	0.000880346
53850	0.000886067
53900	0.000881439
53950	0.000884414
54000	0.000885109
54050	0.000884849
54100	0.000888224
54150	0.000886383
54200	0.000886959
54250	0.000887556
54300	0.000893788
54350	0.000889064
54400	0.000892276
54450	0.000889908
54500	0.00089583
54550	0.000897108
54600	0.000896391
54650	0.000897566
54700	0.000897628
54750	0.000898499
54800	0.000896389
54850	0.000902836
54900	0.000897549
54950	0.000899786
55000	0.000902307
55050	0.000904717
55100	0.000902197
55150	0.000908138
55200	0.000902618
55250	0.000909359
55300	0.000904138
55350	0.000904918
55400	0.000905795
55450	0.000912968
55500	0.000909719
55550	0.000912218
55600	0.000912952
55650	0.000910905
55700	0.000914345
55750	0.000911486
55800	0.000912825
55850	0.000916301
55900	0.000917836
55950	0.000914109
56000	0.000918075
56050	0.000917615
56100	0.000921228
56150	0.00091857
56200	0.000921994
56250	0.000920098
56300	0.00092333
56350	0.00092214
56400	0.000922482
56450	0.000925711
56500	0.000926809
56550	0.000928584
56600	0.000926674
56650	0.00092669
56700	0.000933211
56750	0.000928144
56800	0.00093263
56850	0.000932977
56900	0.000933031
56950	0.000933438
57000	0.000934223
57050	0.000934108
57100	0.000937372
57150	0.000934941
57200	0.00093887
57250	0.0009398
57300	0.000942448
57350	0.000945141
57400	0.000943238
57450	0.000955104
57500	0.000943809
57550	0.000942238
57600	0.00094481
57650	0.000947626
57700	0.000947701
57750	0.000954594
57800	0.000947846
57850	0.00094581
57900	0.000948868
57950	0.000947174
58000	0.000950695
58050	0.000953195
58100	0.000952739
58150	0.00095598
58200	0.000955598
58250	0.000952508
58300	0.000956737
58350	0.000954203
58400	0.000957461
58450	0.000961151
58500	0.000958823
58550	0.000958695
58600	0.000961825
58650	0.000967403
58700	0.000963222
58750	0.00096371
58800	0.000967709
58850	0.000971574
58900	0.000965866
58950	0.000962716
59000	0.000966971
59050	0.000969455
59100	0.000970966
59150	0.000971733
59200	0.000971436
59250	0.000969317
59300	0.000972395
59350	0.000970014
59400	0.000973852
59450	0.000972301
59500	0.000975903
59550	0.000978261
59600	0.000978287
59650	0.000979638
59700	0.000977334
59750	0.000977975
59800	0.000978785
59850	0.000981958
59900	0.000979442
59950	0.000983775
60000	0.000984621
60050	0.000984473
60100	0.00098494
60150	0.000988617
60200	0.00098829
60250	0.000985574
60300	0.000989563
60350	0.000990663
60400	0.00098839
60450	0.00100012
60500	0.000994063
60550	0.000998267
60600	0.0009956
60650	0.000996492
60700	0.000996625
60750	0.000998638
60800	0.00100003
60850	0.000998899
60900	0.00100465
60950	0.000997475
61000	0.00100043
61050	0.0010054
61100	0.00100682
61150	0.00100452
61200	0.0010021
61250	0.00100552
61300	0.00100299
61350	0.00100642
61400	0.00100746
61450	0.00100533
61500	0.00100923
61550	0.00101269
61600	0.00101088
61650	0.00100995
61700	0.00101302
61750	0.00101368
61800	0.00101455
61850	0.001012
61900	0.00101266
61950	0.00102007
62000	0.00101721
62050	0.0010223
62100	0.00101727
62150	0.00102074
62200	0.00101834
62250	0.00101845
62300	0.00101948
62350	0.00102249
62400	0.00102243
62450	0.00102503
62500	0.00102516
62550	0.00102755
62600	0.00102828
62650	0.00102877
62700	0.00102616
62750	0.00102871
62800	0.00103183
62850	0.00103123
62900	0.00103529
62950	0.00102997
63000	0.00103319
63050	0.00103779
63100	0.0010409
63150	0.00104119
63200	0.00104448
63250	0.00103573
63300	0.00103894
63350	0.00104389
63400	0.00103732
63450	0.00104043
63500	0.00104289
63550	0.00104244
63600	0.00104419
63650	0.00104493
63700	0.00104283
63750	0.00104591
63800	0.00104833
63850	0.00104638
63900	0.00104585
63950	0.00104864
64000	0.00104899
64050	0.00105227
64100	0.00105336
64150	0.00105341
64200	0.00105362
64250	0.00105334
64300	0.00105236
64350	0.00105798
64400	0.00105332
64450	0.00105385
64500	0.00105747
64550	0.001058
64600	0.00106371
64650	0.00106112
64700	0.00105925
64750	0.0010635
64800	0.00106186
64850	0.00106526
64900	0.00106735
64950	0.00106162
65000	0.00106584
65050	0.00106856
65100	0.00106839
65150	0.00106654
65200	0.00107638
65250	0.00107135
65300	0.00106823
65350	0.00106841
65400	0.00107164
65450	0.0010726
65500	0.00107307
65550	0.00107531
65600	0.00107356
65650	0.00107589
65700	0.00107706
65750	0.00107804
65800	0.00107864
65850	0.00107891
65900	0.00107692
65950	0.00108039
66000	0.00108364
66050	0.00108408
66100	0.00108872
66150	0.00108226
66200	0.00108514
66250	0.001086
66300	0.00108439
66350	0.00108684
66400	0.00108787
66450	0.00108821
66500	0.0010895
66550	0.00109394
66600	0.00109262
66650	0.00109362
66700	0.00109312
66750	0.00109441
66800	0.00109528
66850	0.00109786
66900	0.00109279
66950	0.00109364
67000	0.0010974
67050	0.00110391
67100	0.00109914
67150	0.00109934
67200	0.00109887
67250	0.00110204
67300	0.0011064
67350	0.00110092
67400	0.00110394
67450	0.00110204
67500	0.00110551
67550	0.00110701
67600	0.00110738
67650	0.00110939
67700	0.001107
67750	0.00110717
67800	0.0011118
67850	0.00110877
67900	0.00111111
67950	0.00111422
68000	0.00111432
68050	0.00111718
68100	0.00111407
68150	0.00111911
68200	0.00111659
68250	0.00111859
68300	0.00112226
68350	0.00111674
68400	0.00112038
68450	0.00112249
68500	0.00112525
68550	0.00113376
68600	0.00112342
68650	0.00112719
68700	0.00112613
68750	0.00112613
68800	0.00112785
68850	0.00112955
68900	0.0011282
68950	0.00112752
69000	0.00113118
69050	0.00113261
69100	0.0011363
69150	0.00113028
69200	0.00113383
69250	0.00113497
69300	0.00113263
69350	0.00113651
69400	0.00114083
69450	0.00113725
69500	0.00113852
69550	0.00113782
69600	0.00113865
69650	0.00114219
69700	0.00114257
69750	0.0011462
69800	0.00114408
69850	0.00114679
69900	0.00114274
69950	0.00114535
70000	0.00114625
70050	0.00114857
70100	0.00114634
70150	0.00114708
70200	0.00114999
70250	0.00115097
70300	0.00115537
70350	0.00114951
70400	0.00115063
70450	0.00115352
70500	0.00115453
70550	0.00115644
70600	0.00116078
70650	0.00115771
70700	0.00116284
70750	0.00116149
70800	0.00116443
70850	0.00116706
70900	0.00116738
70950	0.00116543
71000	0.00116322
71050	0.00117138
71100	0.00116871
71150	0.00116962
71200	0.00116412
71250	0.00117114
71300	0.00116578
71350	0.00117187
71400	0.00116837
71450	0.00117023
71500	0.00117094
71550	0.00117315
71600	0.0011768
71650	0.00117503
71700	0.00117698
71750	0.00117288
71800	0.00117857
71850	0.00117492
71900	0.00118096
71950	0.00118112
72000	0.00118088
72050	0.00118284
72100	0.00118135
72150	0.00118741
72200	0.00118679
72250	0.00118115
72300	0.00118794
72350	0.00118776
72400	0.0011832
72450	0.00118357
72500	0.00118924
72550	0.0011889
72600	0.00118855
72650	0.00118943
72700	0.00119129
72750	0.00119167
72800	0.00119319
72850	0.00118993
72900	0.00119387
72950	0.00119486
73000	0.0011961
73050	0.00119883
73100	0.00120352
73150	0.00120261
73200	0.00120636
73250	0.00119892
73300	0.00120267
73350	0.00120356
73400	0.00120487
73450	0.00120204
73500	0.00120443
73550	0.00121066
73600	0.00121066
73650	0.00120961
73700	0.00120482
73750	0.00120571
73800	0.00121135
73850	0.00121241
73900	0.00121604
73950	0.0012082
74000	0.00121232
74050	0.00121681
74100	0.00121487
74150	0.0012122
74200	0.00121649
74250	0.00121312
74300	0.00121482
74350	0.00121848
74400	0.00121876
74450	0.00122247
74500	0.00136779
74550	0.00122742
74600	0.0012338
74650	0.00123076
74700	0.00122906
74750	0.00122977
74800	0.00123617
74850	0.00123379
74900	0.00123437
74950	0.00123485
75000	0.00123683
75050	0.00124342
75100	0.00123595
75150	0.0012362
75200	0.00124029
75250	0.00123772
75300	0.00124168
75350	0.00124171
75400	0.00123982
75450	0.00124931
75500	0.00124645
75550	0.00124329
75600	0.00125489
75650	0.00124933
75700	0.00124692
75750	0.00125254
75800	0.00124937
75850	0.00125158
75900	0.00125557
75950	0.0012488
76000	0.00125297
76050	0.00125152
76100	0.00125496
76150	0.00125307
76200	0.00125642
76250	0.00125395
76300	0.00125502
76350	0.00126631
76400	0.00125939
76450	0.00126284
76500	0.00126037
76550	0.0012602
76600	0.00126673
76650	0.00126483
76700	0.00126376
76750	0.00126259
76800	0.00126587
76850	0.00126729
76900	0.00126741
76950	0.00126537
77000	0.00126887
77050	0.00127151
77100	0.00126867
77150	0.00126907
77200	0.00127298
77250	0.00127341
77300	0.00127621
77350	0.00127455
77400	0.0012761
77450	0.00127961
77500	0.0012789
77550	0.00128251
77600	0.00128284
77650	0.0012803
77700	0.00128082
77750	0.00128443
77800	0.00128403
77850	0.00128839
77900	0.00128217
77950	0.0012853
78000	0.00128606
78050	0.00128431
78100	0.00129131
78150	0.00128873
78200	0.00128779
78250	0.00129277
78300	0.00129343
78350	0.00129389
78400	0.00129553
78450	0.00129509
78500	0.0012943
78550	0.00129542
78600	0.00129615
78650	0.00129401
78700	0.00129892
78750	0.0012981
78800	0.00129936
78850	0.00129629
78900	0.00129741
78950	0.00130038
79000	0.00130142
79050	0.00130501
79100	0.00130301
79150	0.00130688
79200	0.00130741
79250	0.0013042
79300	0.00130999
79350	0.00130706
79400	0.0013051
79450	0.00130563
79500	0.00131135
79550	0.00131268
79600	0.00131965
79650	0.00131704
79700	0.00131313
79750	0.00131363
79800	0.00131268
79850	0.00131854
79900	0.00131684
79950	0.0013182
80000	0.00131914
80050	0.00131887
80100	0.001324
80150	0.00132151
80200	0.00132507
80250	0.00132241
80300	0.00132007
80350	0.00132083
80400	0.00132391
80450	0.00132487
80500	0.00132656
80550	0.00133218
80600	0.00132815
80650	0.00132746
80700	0.00132767
80750	0.00133422
80800	0.00132928
80850	0.00133182
80900	0.00133235
80950	0.00133644
81000	0.00133464
81050	0.00133303
81100	0.00134084
81150	0.0013403
81200	0.00133559
81250	0.00133901
81300	0.00133967
81350	0.00133922
81400	0.00133906
81450	0.00134196
81500	0.00134295
81550	0.00134503
81600	0.00134689
81650	0.00134423
81700	0.00134658
81750	0.00134731
81800	0.00134756
81850	0.00135648
81900	0.00135484
81950	0.00135212
82000	0.00135231
82050	0.00135472
82100	0.00135023
82150	0.00135648
82200	0.00135722
82250	0.00135386
82300	0.00135525
82350	0.00135681
82400	0.00135401
82450	0.00135845
82500	0.00135837
82550	0.00136657
82600	0.00136008
82650	0.00135896
82700	0.00136508
82750	0.001363
82800	0.00136237
82850	0.00136587
82900	0.00137502
82950	0.00136553
83000	0.00136655
83050	0.00136861
83100	0.00136637
83150	0.00136694
83200	0.00137062
83250	0.0013685
83300	0.0013723
83350	0.0013736
83400	0.00137459
83450	0.00137462
83500	0.00137468
83550	0.00137892
83600	0.00137612
83650	0.00137758
83700	0.00137876
83750	0.00138226
83800	0.00137728
83850	0.00137761
83900	0.00138883
83950	0.0013837
84000	0.00138578
84050	0.00138425
84100	0.00138621
84150	0.00138654
84200	0.00138736
84250	0.00139329
84300	0.0013892
84350	0.00138757
84400	0.00138846
84450	0.00138954
84500	0.00139063
84550	0.00139543
84600	0.00139595
84650	0.0013941
84700	0.00139657
84750	0.00139388
84800	0.00139609
84850	0.00139984
84900	0.00139462
84950	0.00140384
85000	0.00139832
85050	0.00141031
85100	0.00140205
85150	0.00140201
85200	0.00140624
85250	0.00140676
85300	0.00140088
85350	0.00140254
85400	0.00140518
85450	0.00140602
85500	0.00140742
85550	0.00140699
85600	0.00141093
85650	0.00141223
85700	0.0014141
85750	0.00141501
85800	0.0014098
85850	0.00141002
85900	0.00141437
85950	0.00141785
86000	0.0014175
86050	0.00142108
86100	0.00141622
86150	0.00141918
86200	0.00141983
86250	0.00141935
86300	0.00142228
86350	0.00142305
86400	0.00142797
86450	0.00142159
86500	0.00142448
86550	0.00142429
86600	0.00142467
86650	0.00142716
86700	0.00143096
86750	0.00142509
86800	0.00142884
86850	0.00142946
86900	0.00142687
86950	0.00143355
87000	0.00143347
87050	0.00143518
87100	0.00143549
87150	0.00144168
87200	0.00143468
87250	0.00143603
87300	0.00143448
87350	0.00144139
87400	0.00143847
87450	0.00143594
87500	0.00144148
87550	0.00143963
87600	0.00144299
87650	0.00144432
87700	0.00144401
87750	0.00144423
87800	0.00144916
87850	0.00144533
87900	0.00144347
87950	0.0014449
88000	0.0014528
88050	0.00144799
88100	0.00146033
88150	0.00144848
88200	0.00145034
88250	0.00145855
88300	0.00145147
88350	0.00145742
88400	0.0014555
88450	0.0014616
88500	0.00145851
88550	0.00146202
88600	0.00145684
88650	0.00145954
88700	0.00145768
88750	0.00146809
88800	0.001459
88850	0.00146235
88900	0.00146281
88950	0.00146178
89000	0.00146478
89050	0.00146746
89100	0.00146845
89150	0.00147201
89200	0.0014715
89250	0.00146626
89300	0.00146796
89350	0.00147102
89400	0.00147946
89450	0.00147251
89500	0.00147387
89550	0.00147184
89600	0.00148103
89650	0.00148011
89700	0.00148248
89750	0.00149269
89800	0.00148375
89850	0.00148109
89900	0.0014806
89950	0.00147807
90000	0.00148612
90050	0.00148963
90100	0.0014895
90150	0.00148562
90200	0.00148898
90250	0.00148384
90300	0.00149162
90350	0.00148647
90400	0.00149218
90450	0.00149221
90500	0.00149187
90550	0.00149276
90600	0.00149042
90650	0.0014935
90700	0.00150207
90750	0.00149342
90800	0.00149414
90850	0.00149654
90900	0.00149309
90950	0.00150132
91000	0.00149997
91050	0.00150495
91100	0.00150858
91150	0.00150885
91200	0.00150701
91250	0.00150533
91300	0.00151077
91350	0.00150941
91400	0.00150678
91450	0.00150914
91500	0.00151249
91550	0.0015163
91600	0.0015139
91650	0.00151046
91700	0.00151888
91750	0.00151046
91800	0.00151514
91850	0.00150913
91900	0.0015184
91950	0.00151481
92000	0.00151636
92050	0.00152083
92100	0.00151714
92150	0.00151873
92200	0.00151827
92250	0.00151761
92300	0.00152374
92350	0.00152591
92400	0.00151921
92450	0.00151871
92500	0.00152332
92550	0.00152702
92600	0.00152779
92650	0.00152447
92700	0.00152662
92750	0.00152813
92800	0.00152585
92850	0.00152792
92900	0.00153605
92950	0.00152938
93000	0.00153208
93050	0.00153402
93100	0.00153209
93150	0.00153683
93200	0.00154122
93250	0.0015336
93300	0.00153659
93350	0.00153714
93400	0.00153672
93450	0.00154333
93500	0.00154269
93550	0.00154843
93600	0.00154608
93650	0.00154249
93700	0.00154077
93750	0.00155278
93800	0.00154199
93850	0.00154417
93900	0.00154613
93950	0.00154792
94000	0.00154903
94050	0.00155045
94100	0.00155294
94150	0.00155332
94200	0.00154941
94250	0.00154778
94300	0.00155279
94350	0.0015563
94400	0.00155123
94450	0.00155394
94500	0.0015558
94550	0.00156149
94600	0.00155536
94650	0.00155849
94700	0.00156308
94750	0.00156036
94800	0.00155988
94850	0.00155926
94900	0.00156747
94950	0.00156041
95000	0.00156611
95050	0.00157396
95100	0.00157787
95150	0.00156491
95200	0.0015709
95250	0.00157056
95300	0.00157028
95350	0.00157048
95400	0.00156996
95450	0.00157503
95500	0.00157488
95550	0.00157364
95600	0.00157564
95650	0.00157811
95700	0.00157367
95750	0.00157703
95800	0.00157901
95850	0.00157997
95900	0.001583
95950	0.00157836
96000	0.00158054
96050	0.00158243
96100	0.00158733
96150	0.00158301
96200	0.00158603
96250	0.0015833
96300	0.00158483
96350	0.00158504
96400	0.00159032
96450	0.00158741
96500	0.00158846
96550	0.00158736
96600	0.00159764
96650	0.00159401
96700	0.0015919
96750	0.00159441
96800	0.00159284
96850	0.0015935
96900	0.001593
96950	0.00160334
97000	0.00160071
97050	0.00160136
97100	0.00159813
97150	0.00160772
97200	0.00160037
97250	0.00160136
97300	0.00160886
97350	0.00160191
97400	0.00160261
97450	0.00160342
97500	0.00160698
97550	0.00161024
97600	0.0016093
97650	0.00160691
97700	0.00161411
97750	0.00160792
97800	0.00160794
97850	0.00161381
97900	0.00160818
97950	0.00161131
98000	0.00161324
98050	0.00161756
98100	0.00161767
98150	0.0016173
98200	0.00161799
98250	0.0016198
98300	0.0016157
98350	0.00161886
98400	0.00161948
98450	0.00161619
98500	0.00162237
98550	0.00163046
98600	0.0016394
98650	0.00163227
98700	0.00163797
98750	0.00163986
98800	0.00163086
98850	0.00163009
98900	0.00163224
98950	0.00163068
99000	0.00163044
99050	0.00163369
99100	0.00163678
99150	0.00163382
99200	0.00162988
99250	0.00163236
99300	0.00164028
99350	0.00163139
99400	0.00163363
99450	0.00163657
99500	0.00163819
99550	0.0016426
99600	0.00164488
99650	0.00164388
99700	0.00163832
99750	0.00163822
99800	0.00164797
99850	0.00164037
99900	0.00163969
99950	0.0016476
100000	0.00164955
100050	0.00165356
100100	0.0016538
100150	0.00165661
100200	0.00165301
100250	0.0016515
100300	0.00165565
100350	0.00165848
100400	0.00165361
100450	0.00166069
100500	0.00165772
100550	0.00165839
100600	0.00165963
100650	0.00166053
100700	0.0016585
100750	0.00165642
100800	0.00165825
100850	0.00166271
100900	0.00165928
100950	0.00166288
101000	0.00166239
101050	0.00166019
101100	0.00166481
101150	0.00167105
101200	0.00166528
101250	0.00166342
101300	0.00166451
101350	0.00167246
101400	0.00166489
101450	0.00167403
101500	0.00167136
101550	0.00167423
101600	0.00167647
101650	0.00168127
101700	0.00168108
101750	0.00167633
101800	0.00167688
101850	0.00168608
101900	0.00167838
101950	0.00168419
102000	0.00167856
102050	0.00168628
102100	0.00168614
102150	0.00169546
102200	0.00168064
102250	0.0016811
102300	0.00168324
102350	0.00169282
102400	0.00168405
102450	0.00169172
102500	0.00168756
102550	0.00168604
102600	0.00169264
102650	0.00169281
102700	0.00168946
102750	0.0016873
102800	0.00169049
102850	0.00170061
102900	0.00169274
102950	0.00169547
103000	0.00169415
103050	0.00169609
103100	0.00170073
103150	0.00170132
103200	0.00169568
103250	0.00169643
103300	0.00170531
103350	0.00170129
103400	0.00170125
103450	0.00170032
103500	0.00170297
103550	0.00170447
103600	0.00170773
103650	0.00170643
103700	0.00170416
103750	0.00171194
103800	0.00172591
103850	0.0017133
103900	0.00172753
103950	0.00170713
104000	0.00171309
104050	0.00171612
104100	0.00171748
104150	0.00171493
104200	0.0017148
104250	0.00171987
104300	0.00171953
104350	0.00172021
104400	0.00171818
104450	0.00171625
104500	0.00172069
104550	0.00172528
104600	0.00172521
104650	0.00172063
104700	0.00171991
104750	0.00173264
104800	0.00172205
104850	0.00172901
104900	0.00172373
104950	0.00172389
105000	0.0017315
105050	0.00173671
105100	0.00172789
105150	0.00173184
105200	0.00173737
105250	0.00173829
105300	0.00173763
105350	0.00173953
105400	0.00174099
105450	0.00174368
105500	0.00173995
105550	0.00173872
105600	0.00173759
105650	0.00174319
105700	0.00174492
105750	0.0017478
105800	0.00173931
105850	0.00173922
105900	0.00174585
105950	0.00174713
106000	0.0017455
106050	0.00174334
106100	0.00174845
106150	0.00175219
106200	0.00175015
106250	0.0017503
106300	0.00174698
106350	0.00175116
106400	0.00175352
106450	0.00175231
106500	0.00175337
106550	0.00175434
106600	0.00176242
106650	0.00175472
106700	0.00175636
106750	0.00175665
106800	0.00175746
106850	0.00176044
106900	0.00176508
106950	0.00176129
107000	0.001768
107050	0.00176653
107100	0.00177004
107150	0.00176968
107200	0.00176554
107250	0.00176566
107300	0.00177219
107350	0.00176834
107400	0.0017645
107450	0.00176756
107500	0.00177127
107550	0.00177134
107600	0.0017748
107650	0.00176982
107700	0.00177183
107750	0.00177726
107800	0.00177307
107850	0.00177161
107900	0.00177254
107950	0.00177869
108000	0.00177854
108050	0.00177549
108100	0.00177764
108150	0.00178136
108200	0.00178251
108250	0.00178202
108300	0.00178099
108350	0.00178301
108400	0.00178844
108450	0.00179035
108500	0.0017886
108550	0.00178808
108600	0.00179438
108650	0.00179863
108700	0.00178716
108750	0.00178964
108800	0.00179286
108850	0.00179793
108900	0.00179841
108950	0.00179215
109000	0.00179469
109050	0.00179889
109100	0.00179955
109150	0.00179729
109200	0.00179429
109250	0.0018048
109300	0.0017982
109350	0.00180177
109400	0.00179761
109450	0.00179768
109500	0.00180252
109550	0.00180721
109600	0.00180614
109650	0.00180561
109700	0.00180576
109750	0.0018103
109800	0.0018073
109850	0.00180788
109900	0.00180898
109950	0.00181174
110000	0.00181411
110050	0.00181144
110100	0.00181888
110150	0.00181303
110200	0.00181968
110250	0.00181303
110300	0.00181292
110350	0.00182208
110400	0.00181854
110450	0.00181866
110500	0.00182077
110550	0.00182016
110600	0.00182654
110650	0.00181861
110700	0.00182279
110750	0.00182381
110800	0.00182661
110850	0.00182594
110900	0.00182225
110950	0.0018252
111000	0.00182761
111050	0.00182739
111100	0.0018271
111150	0.0018296
111200	0.00183492
111250	0.0018353
111300	0.00182952
111350	0.00183059
111400	0.0018339
111450	0.0018393
111500	0.00183744
111550	0.00183971
111600	0.00184605
111650	0.00184356
111700	0.00183759
111750	0.00183881
111800	0.00184296
111850	0.00184604
111900	0.0018438
111950	0.00183834
112000	0.00184446
112050	0.00184797
112100	0.00184345
112150	0.00184803
112200	0.00185178
112250	0.00184901
112300	0.00184991
112350	0.00184645
112400	0.00184985
112450	0.0018557
112500	0.00185192
112550	0.00185277
112600	0.00185739
112650	0.00185433
112700	0.0018635
112750	0.00185573
112800	0.00185984
112850	0.00186011
112900	0.00186078
112950	0.00185879
113000	0.00186381
113050	0.00186396
113100	0.00186792
113150	0.0018653
113200	0.00186188
113250	0.00187187
113300	0.00187064
113350	0.0018653
113400	0.00186632
113450	0.00187148
113500	0.00186902
113550	0.00187536
113600	0.00187033
113650	0.00187226
113700	0.00187395
113750	0.00186912
113800	0.00186994
113850	0.00187692
113900	0.00187895
113950	0.00187836
114000	0.00187629
114050	0.00188078
114100	0.00188432
114150	0.00187633
114200	0.00187975
114250	0.00188158
114300	0.00188693
114350	0.00188041
114400	0.00187958
114450	0.00188305
114500	0.00188848
114550	0.0018825
114600	0.00189288
114650	0.0018913
114700	0.00189504
114750	0.00189388
114800	0.00188557
114850	0.00189513
114900	0.00189374
114950	0.00189121
115000	0.00189327
115050	0.00189494
115100	0.00189623
115150	0.00189088
115200	0.00189508
115250	0.00190011
115300	0.00189997
115350	0.00189447
115400	0.00189773
115450	0.00190298
115500	0.00190115
115550	0.00190198
115600	0.00190297
115650	0.0019063
115700	0.00190362
115750	0.00190452
115800	0.00190947
115850	0.00190287
115900	0.00190966
115950	0.00190915
116000	0.00191158
116050	0.00191234
116100	0.00191539
116150	0.00190905
116200	0.00191747
116250	0.00191591
116300	0.00191478
116350	0.00191421
116400	0.00191635
116450	0.00191809
116500	0.00191787
116550	0.00192464
116600	0.00191504
116650	0.00192186
116700	0.00192003
116750	0.00191816
116800	0.00192472
116850	0.00192759
116900	0.00191908
116950	0.00192269
117000	0.0019254
117050	0.00192562
117100	0.00192755
117150	0.00193103
117200	0.00192837
117250	0.00193511
117300	0.00192789
117350	0.00193526
117400	0.0019274
117450	0.00193379
117500	0.00193659
117550	0.00194133
117600	0.00193744
117650	0.00193625
117700	0.00193351
117750	0.00194318
117800	0.00194386
117850	0.00194118
117900	0.00193886
117950	0.00194583
118000	0.00194337
118050	0.00194475
118100	0.00195377
118150	0.00194985
118200	0.00195872
118250	0.00195065
118300	0.00194611
118350	0.00195009
118400	0.00195296
118450	0.00194763
118500	0.00195112
118550	0.00195953
118600	0.00194841
118650	0.00194864
118700	0.00195737
118750	0.00195609
118800	0.00195175
118850	0.0019545
118900	0.00195908
118950	0.00196079
119000	0.00196197
119050	0.00196559
119100	0.00196664
119150	0.00196506
119200	0.00195943
119250	0.00196858
119300	0.00197108
119350	0.00196495
119400	0.00196032
119450	0.00196882
119500	0.00196742
119550	0.00196516
119600	0.00197761
119650	0.00197086
119700	0.00197275
119750	0.00196653
119800	0.00197439
119850	0.00197505
119900	0.00197057
119950	0.00197
120000	0.00197642
120050	0.00197572
120100	0.0019784
120150	0.00198075
120200	0.00198104
120250	0.00198168
120300	0.00197601
120350	0.00198617
120400	0.00198892
120450	0.00199053
120500	0.00198966
120550	0.00198784
120600	0.00198584
120650	0.00198854
120700	0.0019953
120750	0.00199167
120800	0.00199454
120850	0.00198821
120900	0.00199226
120950	0.001992
121000	0.00199272
121050	0.0019981
121100	0.00200589
121150	0.00200273
121200	0.0019979
121250	0.00200593
121300	0.0020049
121350	0.00200879
121400	0.00199675
121450	0.0020035
121500	0.00200236
121550	0.0019983
121600	0.00201181
121650	0.00200916
121700	0.0020085
121750	0.00200738
121800	0.00201676
121850	0.002005
121900	0.00201185
121950	0.00200617
122000	0.0020109
122050	0.00200639
122100	0.00201893
122150	0.00200768
122200	0.00201667
122250	0.00201086
122300	0.00201392
122350	0.00202031
122400	0.00201402
122450	0.00201573
122500	0.00201603
122550	0.00202074
122600	0.00201482
122650	0.00202456
122700	0.00202059
122750	0.00201863
122800	0.0020199
122850	0.002024
122900	0.00202107
122950	0.00202824
123000	0.00202728
123050	0.00202696
123100	0.00202593
123150	0.00202992
123200	0.00203066
123250	0.00203098
123300	0.00203103
123350	0.00203285
123400	0.00203404
123450	0.00203106
123500	0.0020326
123550	0.0020369
123600	0.0020403
123650	0.00203501
123700	0.0020399
123750	0.0020367
123800	0.00203722
123850	0.00204075
123900	0.00204135
123950	0.00203882
124000	0.00204061
124050	0.00204428
124100	0.00204507
124150	0.00204101
124200	0.00204063
124250	0.002047
124300	0.00205183
124350	0.00205028
124400	0.00204333
124450	0.00204842
124500	0.0020529
124550	0.00205565
124600	0.00205432
124650	0.00205575
124700	0.00205202
124750	0.0020568
124800	0.00205551
124850	0.00205381
124900	0.00205363
124950	0.0020633
125000	0.00205905
125050	0.00205923
125100	0.00206404
125150	0.00205952
125200	0.00206087
125250	0.00206411
125300	0.0020645
125350	0.00206641
125400	0.00205954
125450	0.0020595
125500	0.00206655
125550	0.00207009
125600	0.00207051
125650	0.00207299
125700	0.00207119
125750	0.00206625
125800	0.00207509
125850	0.00207856
125900	0.00207739
125950	0.0020846
126000	0.00207618
126050	0.0020713
126100	0.00208052
126150	0.00208097
126200	0.00207749
126250	0.00207352
126300	0.00208114
126350	0.00207853
126400	0.00208491
126450	0.00207865
126500	0.00208321
126550	0.00207974
126600	0.00208756
126650	0.0020839
126700	0.00208716
126750	0.0020825
126800	0.00208815
126850	0.002089
126900	0.00209008
126950	0.00208775
127000	0.00209124
127050	0.00209467
127100	0.00210566
127150	0.00210376
127200	0.00209133
127250	0.00209355
127300	0.00210267
127350	0.00210305
127400	0.00210214
127450	0.00209528
127500	0.0020998
127550	0.00209685
127600	0.00210667
127650	0.0021009
127700	0.00210459
127750	0.0020994
127800	0.0021088
127850	0.00210462
127900	0.00210028
127950	0.00210089
128000	0.00210846
128050	0.00211033
128100	0.00211011
128150	0.00211167
128200	0.00210594
128250	0.00211061
128300	0.00211208
128350	0.00211324
128400	0.00211419
128450	0.00211297
128500	0.00211783
128550	0.00212156
128600	0.00211954
128650	0.00211706
128700	0.00212303
128750	0.00212048
128800	0.00212496
128850	0.00211888
128900	0.00211735
128950	0.00212371
129000	0.00212406
129050	0.00212717
129100	0.00212723
129150	0.0021224
129200	0.00212625
129250	0.00212866
129300	0.00212646
129350	0.00213403
129400	0.00212577
129450	0.00213223
129500	0.0021313
129550	0.00213555
129600	0.00213809
129650	0.00213244
129700	0.00213062
129750	0.00213763
129800	0.00213873
129850	0.00213251
129900	0.00214819
129950	0.00215194
130000	0.0021463
130050	0.00214622
130100	0.00214147
130150	0.00214212
130200	0.00215063
130250	0.00214529
130300	0.00214654
130350	0.00214613
130400	0.00214853
130450	0.00214705
130500	0.00214809
130550	0.00215175
130600	0.00214993
130650	0.00214856
130700	0.00215445
130750	0.00215478
130800	0.00214985
130850	0.00215962
130900	0.00215446
130950	0.00215503
131000	0.00215951
131050	0.00215668
131100	0.0021605
131150	0.00215983
131200	0.00216301
131250	0.00216272
131300	0.00216011
131350	0.00216574
131400	0.00216355
131450	0.00216681
131500	0.00216477
131550	0.00216534
131600	0.00216844
131650	0.00216838
131700	0.0021664
131750	0.00216486
131800	0.00216994
131850	0.00216832
131900	0.00217137
131950	0.00216774
132000	0.00217235
132050	0.00217313
132100	0.00217608
132150	0.00217613
132200	0.00218272
132250	0.00218135
132300	0.00218808
132350	0.00217328
132400	0.00217339
132450	0.00218007
132500	0.00218624
132550	0.00219358
132600	0.00218607
132650	0.00218021
132700	0.0021958
132750	0.00219165
132800	0.00218878
132850	0.00219207
132900	0.0021958
132950	0.00219082
133000	0.00219001
133050	0.00219119
133100	0.00219041
133150	0.00219658
133200	0.00219688
133250	0.00219083
133300	0.00219103
133350	0.00220324
133400	0.00220361
133450	0.00220305
133500	0.00220046
133550	0.00220164
133600	0.00220477
133650	0.00221274
133700	0.00220493
133750	0.00220551
133800	0.00221011
133850	0.00220328
133900	0.00220386
133950	0.00220165
134000	0.00220725
134050	0.00221213
134100	0.00221273
134150	0.00221355
134200	0.00220482
134250	0.00221077
134300	0.00220922
134350	0.00221316
134400	0.00221155
134450	0.00221333
134500	0.00221369
134550	0.00221794
134600	0.00221472
134650	0.00221719
134700	0.00221954
134750	0.00221956
134800	0.00221624
134850	0.00222224
134900	0.00223085
134950	0.00223247
135000	0.00222405
135050	0.00222181
135100	0.00222121
135150	0.00222968
135200	0.00222488
135250	0.0022253
135300	0.00222486
135350	0.00223164
135400	0.00223042
135450	0.00222329
135500	0.00223051
135550	0.00223013
135600	0.00223659
135650	0.00223495
135700	0.00222899
135750	0.00224394
135800	0.0022354
135850	0.00223228
135900	0.00223651
135950	0.00224093
136000	0.00223866
136050	0.00224937
136100	0.00224859
136150	0.00225265
136200	0.00225246
136250	0.00225031
136300	0.0022427
136350	0.00224249
136400	0.0022505
136450	0.00224733
136500	0.00224819
136550	0.00224662
136600	0.00224635
136650	0.00225596
136700	0.00225093
136750	0.00224987
136800	0.00225386
136850	0.00225852
136900	0.00225217
136950	0.00224832
137000	0.00225458
137050	0.0022581
137100	0.00226345
137150	0.00225444
137200	0.00225754
137250	0.00225981
137300	0.00226089
137350	0.00226624
137400	0.00225931
137450	0.00227549
137500	0.00226743
137550	0.00226327
137600	0.0022644
137650	0.00227239
137700	0.00226895
137750	0.0022626
137800	0.00226978
137850	0.00227248
137900	0.00226912
137950	0.00227652
138000	0.00227137
138050	0.00226786
138100	0.00227582
138150	0.00227567
138200	0.00227498
138250	0.00227581
138300	0.00228142
138350	0.00227538
138400	0.00227661
138450	0.002279
138500	0.00228173
138550	0.00228816
138600	0.00227986
138650	0.00228034
138700	0.00229254
138750	0.0022864
138800	0.00229058
138850	0.00228924
138900	0.00228941
138950	0.00228762
139000	0.00228893
139050	0.00229093
139100	0.00229132
139150	0.00229206
139200	0.0022883
139250	0.00228755
139300	0.00229623
139350	0.00229493
139400	0.00229297
139450	0.00229607
139500	0.00229621
139550	0.00230154
139600	0.00229743
139650	0.00229971
139700	0.00230089
139750	0.00230137
139800	0.00229598
139850	0.00229866
139900	0.00230756
139950	0.00230684
140000	0.00230753
140050	0.00230206
140100	0.0023127
140150	0.00230873
140200	0.00230893
140250	0.00231062
140300	0.00231561
140350	0.00230331
140400	0.00230584
140450	0.00231279
140500	0.00231226
140550	0.00231611
140600	0.00231513
140650	0.00231022
140700	0.00232078
140750	0.00231449
140800	0.00232475
140850	0.00232648
140900	0.00233553
140950	0.00232268
141000	0.00232662
141050	0.00232399
141100	0.00233645
141150	0.00232725
141200	0.0023283
141250	0.00233302
141300	0.00232569
141350	0.00232956
141400	0.00232741
141450	0.00233341
141500	0.00233145
141550	0.00233191
141600	0.00232885
141650	0.00233623
141700	0.00233268
141750	0.00233197
141800	0.00232824
141850	0.00233489
141900	0.00233547
141950	0.00233292
142000	0.00233702
142050	0.00234037
142100	0.00233868
142150	0.00234694
142200	0.00234924
142250	0.00236011
142300	0.00234129
142350	0.00233924
142400	0.00234799
142450	0.00234841
142500	0.00234649
142550	0.00234095
142600	0.0023498
142650	0.00235
142700	0.00234866
142750	0.0023508
142800	0.00236164
142850	0.00235487
142900	0.0023456
142950	0.00235583
143000	0.00235465
143050	0.00235651
143100	0.00235179
143150	0.00235448
143200	0.00235835
143250	0.00236121
143300	0.00235487
143350	0.00235939
143400	0.00236494
143450	0.00236039
143500	0.00236509
143550	0.00237098
143600	0.00237038
143650	0.00235946
143700	0.00236379
143750	0.00236927
143800	0.00237245
143850	0.00236528
143900	0.00237573
143950	0.00236959
144000	0.00236912
144050	0.00237004
144100	0.00236967
144150	0.00237741
144200	0.00237205
144250	0.00237218
144300	0.00237883
144350	0.00237505
144400	0.00237607
144450	0.00237368
144500	0.00238441
144550	0.00238871
144600	0.0023852
144650	0.00237668
144700	0.00239314
144750	0.00238935
144800	0.0023861
144850	0.00238433
144900	0.00238811
144950	0.00238482
145000	0.00238766
145050	0.00238943
145100	0.00239021
145150	0.0023882
145200	0.00238714
145250	0.00239765
145300	0.0023911
145350	0.00238881
145400	0.00239344
145450	0.00239156
145500	0.00239498
145550	0.00239968
145600	0.00240662
145650	0.00240762
145700	0.0024018
145750	0.00239812
145800	0.00240554
145850	0.0024032
145900	0.00240255
145950	0.00240163
146000	0.00240477
146050	0.00240487
146100	0.00240145
146150	0.00240936
146200	0.00240728
146250	0.00240336
146300	0.00240767
146350	0.00241383
146400	0.00240753
146450	0.00240474
146500	0.00241177
146550	0.0024149
146600	0.0024114
146650	0.00240993
146700	0.00242269
146750	0.00241633
146800	0.00241148
146850	0.00242382
146900	0.00241855
146950	0.00241623
147000	0.00242329
147050	0.00242762
147100	0.00242209
147150	0.00242069
147200	0.00241957
147250	0.00243022
147300	0.00242318
147350	0.00243193
147400	0.00243128
147450	0.00242533
147500	0.00242639
147550	0.00242695
147600	0.0024363
147650	0.00242689
147700	0.00242625
147750	0.0024327
147800	0.00243271
147850	0.00243356
147900	0.00243162
147950	0.00243885
148000	0.00243919
148050	0.00243525
148100	0.00244669
148150	0.00243856
148200	0.00244002
148250	0.00244001
148300	0.00244898
148350	0.00243891
148400	0.00243783
148450	0.00244562
148500	0.0024447
148550	0.00244363
148600	0.00244986
148650	0.00245298
148700	0.00245398
148750	0.00244281
148800	0.00245159
148850	0.00245028
148900	0.00244744
148950	0.00244871
149000	0.00272571
149050	0.0024485
149100	0.00245735
149150	0.00244848
149200	0.00244496
149250	0.0024462
149300	0.00245484
149350	0.00244365
149400	0.00245014
149450	0.00245652
149500	0.00244872
149550	0.00244974
149600	0.0024489
149650	0.0024555
149700	0.00245341
149750	0.00244818
149800	0.00245424
149850	0.00245508
149900	0.00245491
149950	0.00245639
150000	0.00245965
150050	0.00246204
150100	0.00246289
150150	0.00246369
150200	0.00246155
150250	0.00245591
150300	0.00246035
150350	0.00246506
150400	0.00246782
150450	0.00247155
150500	0.00246765
150550	0.00246935
150600	0.00246674
150650	0.00247472
150700	0.00246625
150750	0.00247233
150800	0.00247104
150850	0.00248585
150900	0.00248621
150950	0.00248059
151000	0.00247413
151050	0.00247567
151100	0.00247675
151150	0.00247809
151200	0.00248359
151250	0.0024844
151300	0.00248391
151350	0.00248834
151400	0.00248307
151450	0.00248676
151500	0.00248774
151550	0.00248737
151600	0.00248443
151650	0.00248585
151700	0.00248947
151750	0.00248643
151800	0.00248384
151850	0.00248466
151900	0.00249415
151950	0.0024861
152000	0.00248899
152050	0.00250092
152100	0.00248984
152150	0.0024916
152200	0.00249696
152250	0.00249399
152300	0.00248942
152350	0.00249948
152400	0.00249602
152450	0.00249668
152500	0.00250053
152550	0.00250299
152600	0.00250056
152650	0.00250605
152700	0.00251068
152750	0.00250283
152800	0.00250315
152850	0.00250449
152900	0.00250757
152950	0.00250541
153000	0.00250567
153050	0.00250895
153100	0.00250931
153150	0.00250641
153200	0.00251582
153250	0.00251057
153300	0.00250584
153350	0.00250913
153400	0.00251644
153450	0.00251534
153500	0.00251354
153550	0.00251974
153600	0.00253138
153650	0.00252847
153700	0.00252861
153750	0.00251867
153800	0.00251675
153850	0.00252129
153900	0.00252331
153950	0.00252431
154000	0.00252562
154050	0.00252774
154100	0.0025238
154150	0.00252738
154200	0.00253128
154250	0.00252655
154300	0.00252168
154350	0.00252635
154400	0.00252888
154450	0.00252588
154500	0.00253036
154550	0.00253728
154600	0.00253354
154650	0.0025342
154700	0.00253835
154750	0.00253232
154800	0.00253871
154850	0.00254188
154900	0.0025533
154950	0.00253795
155000	0.00254026
155050	0.00254582
155100	0.00253857
155150	0.00254178
155200	0.00254296
155250	0.00254331
155300	0.00254082
155350	0.00254488
155400	0.0025478
155450	0.00254039
155500	0.00254722
155550	0.00254925
155600	0.00254842
155650	0.00255572
155700	0.00254826
155750	0.00255266
155800	0.00255805
155850	0.00256651
155900	0.00255286
155950	0.00255878
156000	0.00255854
156050	0.00255356
156100	0.0025555
156150	0.00256245
156200	0.00255923
156250	0.00255687
156300	0.00256289
156350	0.0025644
156400	0.00255727
156450	0.00256774
156500	0.00256307
156550	0.00255934
156600	0.00256609
156650	0.0025668
156700	0.00256774
156750	0.00256468
156800	0.002572
156850	0.0025686
156900	0.00257319
156950	0.00257367
157000	0.00257493
157050	0.00257393
157100	0.00258051
157150	0.00257534
157200	0.00257215
157250	0.00257802
157300	0.00257848
157350	0.00257373
157400	0.00258207
157450	0.00258261
157500	0.00257917
157550	0.0025862
157600	0.00258226
157650	0.00258035
157700	0.00257754
157750	0.00258785
157800	0.00258629
157850	0.00258272
157900	0.00259231
157950	0.00258605
158000	0.00259063
158050	0.0025955
158100	0.00259156
158150	0.00259445
158200	0.00259132
158250	0.00259726
158300	0.00259432
158350	0.00260013
158400	0.00259105
158450	0.00259149
158500	0.00259694
158550	0.00259527
158600	0.00260184
158650	0.00259656
158700	0.00260027
158750	0.00260349
158800	0.00259874
158850	0.00260541
158900	0.00260413
158950	0.00259998
159000	0.00260645
159050	0.00261019
159100	0.00260672
159150	0.00261203
159200	0.00261328
159250	0.00261171
159300	0.00261914
159350	0.00260756
159400	0.00260774
159450	0.00261435
159500	0.00261391
159550	0.00261119
159600	0.00261746
159650	0.00262038
159700	0.00262103
159750	0.00262065
159800	0.00261496
159850	0.00261618
159900	0.00261864
159950	0.00262302
160000	0.00262098
160050	0.00262367
160100	0.00262959
160150	0.00263768
160200	0.00264783
160250	0.00263052
160300	0.00263614
160350	0.00263047
160400	0.00263236
160450	0.0026284
160500	0.00263023
160550	0.00263305
160600	0.00262784
160650	0.00263521
160700	0.00263547
160750	0.0026421
160800	0.0026399
160850	0.00264051
160900	0.00264498
160950	0.00264175
161000	0.00263999
161050	0.00263889
161100	0.00264494
161150	0.00264464
161200	0.00264052
161250	0.00264791
161300	0.00265892
161350	0.00264251
161400	0.00264848
161450	0.00264885
161500	0.0026465
161550	0.00265109
161600	0.00264518
161650	0.00264542
161700	0.00264627
161750	0.00265309
161800	0.00264802
161850	0.00265132
161900	0.00265188
161950	0.00264913
162000	0.00265442
162050	0.00265233
162100	0.00265309
162150	0.00265412
162200	0.00266593
162250	0.00266214
162300	0.00267319
162350	0.00266137
162400	0.00266327
162450	0.0026624
162500	0.00266338
162550	0.00266098
162600	0.00266945
162650	0.0026679
162700	0.00265914
162750	0.00266632
162800	0.00266725
162850	0.0026642
162900	0.00266946
162950	0.00267646
163000	0.00266953
163050	0.00267511
163100	0.00267194
163150	0.00267043
163200	0.00267878
163250	0.00267239
163300	0.00267769
163350	0.00267284
163400	0.00268888
163450	0.00268252
163500	0.00268022
163550	0.00268029
163600	0.00267741
163650	0.00269237
163700	0.00268226
163750	0.00267709
163800	0.00268634
163850	0.00268673
163900	0.00267922
163950	0.0026908
164000	0.00268534
164050	0.00268749
164100	0.00269209
164150	0.00268725
164200	0.00268668
164250	0.00268993
164300	0.00269468
164350	0.00269416
164400	0.00269915
164450	0.00269346
164500	0.00269851
164550	0.00269443
164600	0.00269402
164650	0.00269768
164700	0.00270353
164750	0.00269805
164800	0.0027078
164850	0.00269725
164900	0.00270764
164950	0.0027015
165000	0.00270387
165050	0.00270114
165100	0.00270521
165150	0.00271184
165200	0.00270403
165250	0.00271215
165300	0.00270331
165350	0.00271233
165400	0.00272088
165450	0.00272646
165500	0.00271213
165550	0.00272047
165600	0.00270806
165650	0.00271522
165700	0.00271927
165750	0.00271335
165800	0.00271299
165850	0.00272242
165900	0.00271067
165950	0.00271499
166000	0.00271937
166050	0.00271806
166100	0.00272509
166150	0.00271689
166200	0.00272119
166250	0.00272573
166300	0.00272818
166350	0.00272215
166400	0.00272838
166450	0.00272519
166500	0.00273088
166550	0.00272874
166600	0.00273215
166650	0.00273194
166700	0.00273332
166750	0.00272907
166800	0.00273916
166850	0.00273054
166900	0.00273488
166950	0.00273174
167000	0.00273449
167050	0.00273029
167100	0.00273926
167150	0.00274041
167200	0.00273553
167250	0.0027432
167300	0.00273881
167350	0.00273847
167400	0.00274058
167450	0.00274224
167500	0.00274811
167550	0.00275034
167600	0.00274231
167650	0.00275473
167700	0.00274301
167750	0.00274372
167800	0.00274645
167850	0.00275199
167900	0.0027529
167950	0.00275619
168000	0.0027504
168050	0.00276015
168100	0.00275409
168150	0.00275129
168200	0.00275626
168250	0.00275937
168300	0.00275348
168350	0.00275947
168400	0.00275427
168450	0.00275376
168500	0.0027636
168550	0.00276199
168600	0.00275895
168650	0.00276435
168700	0.00276159
168750	0.00276355
168800	0.00276571
168850	0.00276249
168900	0.00276467
168950	0.00276576
169000	0.00277002
169050	0.0027725
169100	0.00277461
169150	0.00277409
169200	0.00277723
169250	0.00277402
169300	0.00277258
169350	0.00277597
169400	0.00277602
169450	0.00277849
169500	0.00277849
169550	0.00277788
169600	0.00278655
169650	0.0027777
169700	0.00277567
169750	0.00278255
169800	0.00277967
169850	0.00277923
169900	0.00279123
169950	0.00278092
170000	0.00278575
170050	0.00278671
170100	0.0027792
170150	0.00278628
170200	0.00278675
170250	0.00278758
170300	0.00279099
170350	0.00279319
170400	0.00279174
170450	0.00279206
170500	0.00279503
170550	0.00279789
170600	0.00279547
170650	0.00279513
170700	0.00280215
170750	0.00279697
170800	0.00279241
170850	0.00280264
170900	0.00279901
170950	0.00279569
171000	0.00279983
171050	0.00280599
171100	0.00280367
171150	0.00280104
171200	0.0028029
171250	0.00280335
171300	0.00280877
171350	0.00281155
171400	0.00280611
171450	0.00280364
171500	0.00281258
171550	0.00280988
171600	0.00280902
171650	0.00281764
171700	0.00281533
171750	0.00281782
171800	0.0028163
171850	0.0028171
171900	0.00282215
171950	0.00281869
172000	0.00281771
172050	0.00282062
172100	0.00282244
172150	0.00282624
172200	0.00281759
172250	0.00282021
172300	0.00282285
172350	0.00282641
172400	0.00281979
172450	0.00282784
172500	0.0028284
172550	0.00283178
172600	0.00282463
172650	0.00282526
172700	0.00283971
172750	0.00282817
172800	0.00282721
172850	0.00283929
172900	0.00283062
172950	0.00283858
173000	0.00283279
173050	0.00283189
173100	0.00283772
173150	0.00283905
173200	0.00283609
173250	0.00283904
173300	0.00283851
173350	0.00283808
173400	0.00283669
173450	0.00283979
173500	0.00284527
173550	0.00284279
173600	0.00285135
173650	0.00284427
173700	0.00284047
173750	0.00284499
173800	0.00284509
173850	0.00284185
173900	0.0028542
173950	0.00284759
174000	0.00284896
174050	0.00284733
174100	0.0028545
174150	0.00285226
174200	0.00285859
174250	0.0028472
174300	0.00286745
174350	0.00284853
174400	0.0028547
174450	0.00286874
174500	0.00285915
174550	0.00285879
174600	0.00286359
174650	0.00286715
174700	0.00285916
174750	0.00285754
174800	0.00286303
174850	0.00286364
174900	0.00287759
174950	0.0028739
175000	0.00286548
175050	0.00287393
175100	0.00286229
175150	0.0028646
175200	0.00286979
175250	0.00287308
175300	0.00286465
175350	0.00287801
175400	0.00286703
175450	0.00287009
175500	0.00287841
175550	0.00287898
175600	0.00287534
175650	0.0028726
175700	0.00288563
175750	0.00287321
175800	0.00287802
175850	0.00288157
175900	0.00287755
175950	0.00287918
176000	0.00288193
176050	0.00288314
176100	0.00288484
176150	0.00288404
176200	0.00289114
176250	0.00288595
176300	0.00288256
176350	0.00289409
176400	0.00289773
176450	0.00290382
176500	0.00289244
176550	0.00289244
176600	0.00289025
176650	0.002897
176700	0.00289196
176750	0.00291034
176800	0.00290227
176850	0.002911
176900	0.00290775
176950	0.00289684
177000	0.00290099
177050	0.0028989
177100	0.0029084
177150	0.00289552
177200	0.00289933
177250	0.00290276
177300	0.00290649
177350	0.00290978
177400	0.00292259
177450	0.00290696
177500	0.00291183
177550	0.00291046
177600	0.0029146
177650	0.00291162
177700	0.00291568
177750	0.00291592
177800	0.00290793
177850	0.00291317
177900	0.00291361
177950	0.00291239
178000	0.00291569
178050	0.0029198
178100	0.00292428
178150	0.00291262
178200	0.00291905
178250	0.00291866
178300	0.0029261
178350	0.00292721
178400	0.00293458
178450	0.00291963
178500	0.00292511
178550	0.00292198
178600	0.00292928
178650	0.00292717
178700	0.00292625
178750	0.00293886
178800	0.00292574
178850	0.00292621
178900	0.00293239
178950	0.00292688
179000	0.00293148
179050	0.00292973
179100	0.00294156
179150	0.00293502
179200	0.00294461
179250	0.00294919
179300	0.00294264
179350	0.00293699
179400	0.00294906
179450	0.00293499
179500	0.00294159
179550	0.00295386
179600	0.0029457
179650	0.00294398
179700	0.00294575
179750	0.00295449
179800	0.00294169
179850	0.00294271
179900	0.00295084
179950	0.00294083
180000	0.00294829
180050	0.00295602
180100	0.00297694
180150	0.00295155
180200	0.00295503
180250	0.00295785
180300	0.00294941
180350	0.00295971
180400	0.00296234
180450	0.00295103
180500	0.00295711
180550	0.00295705
180600	0.0029659
180650	0.00295412
180700	0.00296163
180750	0.00296425
180800	0.00295773
180850	0.00296268
180900	0.00295892
180950	0.00296442
181000	0.00296632
181050	0.00298166
181100	0.0029709
181150	0.00296778
181200	0.00297169
181250	0.00297487
181300	0.00297187
181350	0.00297511
181400	0.00296685
181450	0.00296941
181500	0.00297317
181550	0.00297496
181600	0.00297439
181650	0.0029722
181700	0.0029871
181750	0.00297068
181800	0.00297384
181850	0.0029827
181900	0.00297623
181950	0.00297907
182000	0.00298358
182050	0.00299443
182100	0.00297855
182150	0.00299004
182200	0.00298553
182250	0.00298169
182300	0.0029912
182350	0.00298618
182400	0.00298638
182450	0.00299168
182500	0.00298853
182550	0.00298713
182600	0.0029863
182650	0.00299654
182700	0.00298532
182750	0.00299587
182800	0.002992
182850	0.00299368
182900	0.00299209
182950	0.00300512
183000	0.00300094
183050	0.00299622
183100	0.00299568
183150	0.00300486
183200	0.00299373
183250	0.003002
183300	0.00300951
183350	0.00299866
183400	0.00300866
183450	0.00299943
183500	0.00300477
183550	0.0030079
183600	0.00301302
183650	0.00300551
183700	0.00300446
183750	0.00300846
183800	0.00301213
183850	0.0030119
183900	0.00301888
183950	0.00301039
184000	0.00301776
184050	0.00301741
184100	0.00302245
184150	0.00301829
184200	0.00303017
184250	0.00302182
184300	0.0030147
184350	0.00302169
184400	0.00302915
184450	0.00302597
184500	0.00302209
184550	0.00302929
184600	0.00301756
184650	0.00302439
184700	0.00303026
184750	0.00301964
184800	0.00302803
184850	0.00303725
184900	0.00303804
184950	0.00303654
185000	0.0030351
185050	0.00303662
185100	0.00303636
185150	0.00304056
185200	0.00303508
185250	0.0030389
185300	0.00304217
185350	0.00303895
185400	0.0030459
185450	0.00305126
185500	0.00304496
185550	0.00304162
185600	0.00304668
185650	0.00304367
185700	0.00304008
185750	0.00306334
185800	0.00305944
185850	0.00305887
185900	0.00305988
185950	0.00305185
186000	0.00305239
186050	0.00305205
186100	0.00305453
186150	0.0030509
186200	0.00305447
186250	0.00305043
186300	0.00305197
186350	0.00306175
186400	0.00304567
186450	0.00305369
186500	0.00305581
186550	0.00305433
186600	0.00306191
186650	0.00307827
186700	0.00306405
186750	0.0030601
186800	0.00306595
186850	0.00306013
186900	0.00306383
186950	0.00307049
187000	0.00306365
187050	0.00305784
187100	0.00307135
187150	0.0030637
187200	0.00306355
187250	0.00307522
187300	0.00306096
187350	0.00306575
187400	0.00307072
187450	0.00306821
187500	0.00307418
187550	0.00307806
187600	0.00308486
187650	0.00307007
187700	0.00307935
187750	0.00307903
187800	0.00307209
187850	0.00308431
187900	0.00307451
187950	0.00307522
188000	0.00308089
188050	0.00308311
188100	0.00307559
188150	0.00308981
188200	0.00307717
188250	0.0030846
188300	0.00309056
188350	0.00307969
188400	0.00308273
188450	0.00309289
188500	0.00309145
188550	0.00308512
188600	0.00309253
188650	0.00309342
188700	0.00308467
188750	0.00310265
188800	0.00308897
188850	0.00309397
188900	0.00309435
188950	0.0030941
189000	0.00309583
189050	0.00310492
189100	0.00310426
189150	0.00309489
189200	0.00310195
189250	0.00309572
189300	0.00310361
189350	0.00310782
189400	0.00309451
189450	0.00310403
189500	0.00310844
189550	0.00309911
189600	0.00310988
189650	0.00311338
189700	0.00310729
189750	0.00311858
189800	0.00310515
189850	0.00310326
189900	0.0031294
189950	0.0031061
190000	0.00311126
190050	0.0031196
190100	0.00311027
190150	0.00311292
190200	0.0031274
190250	0.00311515
190300	0.00312314
190350	0.0031327
190400	0.00312033
190450	0.00312249
190500	0.00312223
190550	0.00311623
190600	0.0031187
190650	0.00312797
190700	0.00312001
190750	0.00312378
190800	0.00313004
190850	0.00312107
190900	0.00312808
190950	0.00312634
191000	0.00312834
191050	0.00313697
191100	0.00314806
191150	0.00313465
191200	0.00314288
191250	0.00313106
191300	0.00313038
191350	0.00314711
191400	0.00313154
191450	0.00313843
191500	0.00313672
191550	0.00313483
191600	0.00313207
191650	0.00314896
191700	0.00313705
191750	0.00314345
191800	0.00314292
191850	0.00313979
191900	0.00315183
191950	0.00314002
192000	0.00315004
192050	0.00314834
192100	0.00315219
192150	0.00314678
192200	0.00315975
192250	0.00314945
192300	0.00314606
192350	0.00315502
192400	0.00314426
192450	0.00314918
192500	0.00315424
192550	0.00314864
192600	0.00315228
192650	0.00315941
192700	0.00315565
192750	0.00316072
192800	0.00315832
192850	0.00315413
192900	0.00315985
192950	0.00315541
193000	0.00316603
193050	0.00317334
193100	0.00315597
193150	0.00316177
193200	0.0031698
193250	0.00316343
193300	0.00316261
193350	0.00317681
193400	0.00317176
193450	0.00318839
193500	0.00317642
193550	0.00317081
193600	0.00317713
193650	0.00317897
193700	0.00317294
193750	0.00318014
193800	0.00317512
193850	0.00317478
193900	0.00319359
193950	0.00318622
194000	0.00318572
194050	0.00318551
194100	0.00318427
194150	0.00318718
194200	0.00319141
194250	0.00318127
194300	0.00318632
194350	0.00318266
194400	0.00317813
194450	0.00319145
194500	0.00319066
194550	0.00319236
194600	0.00319302
194650	0.00319009
194700	0.00320201
194750	0.00321049
194800	0.00319647
194850	0.00319525
194900	0.00319459
194950	0.00318869
195000	0.00319559
195050	0.00319746
195100	0.00319636
195150	0.00319756
195200	0.0031928
195250	0.00320111
195300	0.00320121
195350	0.00319641
195400	0.00320025
195450	0.00319638
195500	0.0032059
195550	0.00321582
195600	0.00320267
195650	0.00321052
195700	0.00320888
195750	0.0032069
195800	0.00321395
195850	0.0032122
195900	0.00320922
195950	0.00321794
196000	0.00321155
196050	0.00320578
196100	0.00322107
196150	0.00320738
196200	0.00321916
196250	0.00321525
196300	0.00320761
196350	0.00322605
196400	0.00321147
196450	0.00321705
196500	0.00322318
196550	0.00321618
196600	0.00321485
196650	0.00323015
196700	0.00322064
196750	0.00322979
196800	0.00321892
196850	0.00321752
196900	0.00323509
196950	0.00321852
197000	0.003227
197050	0.00323188
197100	0.00322706
197150	0.00323224
197200	0.00323293
197250	0.00322906
197300	0.00323631
197350	0.00323925
197400	0.00324409
197450	0.00324091
197500	0.00323645
197550	0.00324525
197600	0.00323435
197650	0.00323199
197700	0.00324404
197750	0.00324584
197800	0.00323977
197850	0.00324274
197900	0.00323279
197950	0.00324667
198000	0.0032429
198050	0.00325729
198100	0.00326396
198150	0.00324326
198200	0.00324718
198250	0.0032632
198300	0.00324815
198350	0.00325419
198400	0.00324663
198450	0.00324545
198500	0.00325184
198550	0.00324892
198600	0.00325335
198650	0.00325189
198700	0.00325143
198750	0.00326026
198800	0.0032541
198850	0.00325928
198900	0.0032565
198950	0.00325695
199000	0.00326168
199050	0.00327153
199100	0.00325934
199150	0.00326664
199200	0.00326527
199250	0.00325876
199300	0.00327289
199350	0.00326524
199400	0.00326989
199450	0.00326954
199500	0.00326744
199550	0.00327507
199600	0.00326759
199650	0.00327256
199700	0.00327512
199750	0.00326793
199800	0.00327303
199850	0.00327448
199900	0.0032751
199950	0.00327288
200000	0.00327913
200050	0.00327856
200100	0.0032862
200150	0.00328596
200200	0.00328464
200250	0.0032731
200300	0.00327706
200350	0.0032956
200400	0.00327669
200450	0.00328515
200500	0.00328286
200550	0.00327954
200600	0.00330127
200650	0.00329457
200700	0.00330393
200750	0.00329889
200800	0.00330855
200850	0.003307
200900	0.00329541
200950	0.00329785
201000	0.00329289
201050	0.00329039
201100	0.00330568
201150	0.00329584
201200	0.00329766
201250	0.00329726
201300	0.00329664
201350	0.0032967
201400	0.00330364
201450	0.00329851
201500	0.00330279
201550	0.00330632
201600	0.00330233
201650	0.00331504
201700	0.00330679
201750	0.00331066
201800	0.00330098
201850	0.00330406
201900	0.00332109
201950	0.00331063
202000	0.00331247
202050	0.00330816
202100	0.00330607
202150	0.00332094
202200	0.0033101
202250	0.00331542
202300	0.0033113
202350	0.00330881
202400	0.00332979
202450	0.00332464
202500	0.00332458
202550	0.00331778
202600	0.00331399
202650	0.00332727
202700	0.00331737
202750	0.00332821
202800	0.00331903
202850	0.00331552
202900	0.0033266
202950	0.003324
203000	0.00332481
203050	0.00332285
203100	0.00332326
203150	0.00333727
203200	0.00333259
203250	0.00334472
203300	0.00333926
203350	0.00332783
203400	0.00334152
203450	0.00333721
203500	0.0033339
203550	0.00333372
203600	0.00332769
203650	0.00334371
203700	0.00333259
203750	0.0033404
203800	0.00333464
203850	0.00333404
203900	0.00335109
203950	0.00333597
204000	0.00334499
204050	0.00334152
204100	0.00334254
204150	0.00335252
204200	0.00334591
204250	0.0033472
204300	0.00334457
204350	0.00334988
204400	0.00335283
204450	0.00335063
204500	0.00334931
204550	0.00334887
204600	0.00334585
204650	0.003357
204700	0.00334765
204750	0.00335652
204800	0.00336197
204850	0.00335595
204900	0.00336051
204950	0.0033533
205000	0.00336231
205050	0.00335645
205100	0.00335391
205150	0.00337309
205200	0.00336083
205250	0.00337239
205300	0.00336545
205350	0.00335679
205400	0.00336804
205450	0.00335983
205500	0.00336539
205550	0.00336421
205600	0.00336175
205650	0.00337722
205700	0.00337994
205750	0.00339061
205800	0.00337127
205850	0.00336751
205900	0.00338727
205950	0.00337614
206000	0.00337423
206050	0.00337157
206100	0.0033719
206150	0.00338859
206200	0.00337909
206250	0.0033826
206300	0.0033733
206350	0.00337334
206400	0.00338633
206450	0.00337839
206500	0.00338499
206550	0.00338131
206600	0.00338819
206650	0.00339061
206700	0.00338797
206750	0.0033904
206800	0.00338348
206850	0.00339591
206900	0.00339785
206950	0.0033891
207000	0.00339074
207050	0.00338758
207100	0.003394
207150	0.00339657
207200	0.00339257
207250	0.00339322
207300	0.00339584
207350	0.00339777
207400	0.00339555
207450	0.00339533
207500	0.00340342
207550	0.00339335
207600	0.00341284
207650	0.00339924
207700	0.00340715
207750	0.00340407
207800	0.00339686
207850	0.00341426
207900	0.0034012
207950	0.00341382
208000	0.00341117
208050	0.00340587
208100	0.0034241
208150	0.00343233
208200	0.00341728
208250	0.00340758
208300	0.0034222
208350	0.00341435
208400	0.00342329
208450	0.00341645
208500	0.00341742
208550	0.00342563
208600	0.00342238
208650	0.00342253
208700	0.00341529
208750	0.00341637
208800	0.00342846
208850	0.00342033
208900	0.00342567
208950	0.00341848
209000	0.00342792
209050	0.00343685
209100	0.00343577
209150	0.00342992
209200	0.00342162
209250	0.00342998
209300	0.00343049
209350	0.00343277
209400	0.00343494
209450	0.00342694
209500	0.00343232
209550	0.00343501
209600	0.00344062
209650	0.00343199
209700	0.00343446
209750	0.00344218
209800	0.00343221
209850	0.00344122
209900	0.00344092
209950	0.00345895
210000	0.0034479
210050	0.00344964
210100	0.00345102
210150	0.00343758
210200	0.00344288
210250	0.00344622
210300	0.00344765
210350	0.00345097
210400	0.00344136
210450	0.00344588
210500	0.00344939
210550	0.00347014
210600	0.00345816
210650	0.00345058
210700	0.00346076
210750	0.00345214
210800	0.00346207
210850	0.00345368
210900	0.00345933
210950	0.00346043
211000	0.00346068
211050	0.00345793
211100	0.00345255
211150	0.00346451
211200	0.00345963
211250	0.00346552
211300	0.00346362
211350	0.00345863
211400	0.0034693
211450	0.00346435
211500	0.00347017
211550	0.00345995
211600	0.00347341
211650	0.00347146
211700	0.00347156
211750	0.00346968
211800	0.0034684
211850	0.00347536
211900	0.00347047
211950	0.00347561
212000	0.00347443
212050	0.00348023
212100	0.00348084
212150	0.00347567
212200	0.00348253
212250	0.00348642
212300	0.0034941
212350	0.0034834
212400	0.00348307
212450	0.00348529
212500	0.00348291
212550	0.00348998
212600	0.00348222
212650	0.00348661
212700	0.0034844
212750	0.00348326
212800	0.00349051
212850	0.00348468
212900	0.00348906
212950	0.00348633
213000	0.00349361
213050	0.00349655
213100	0.00350204
213150	0.00349504
213200	0.00349111
213250	0.00350044
213300	0.0034903
213350	0.00350293
213400	0.0034934
213450	0.00349459
213500	0.0034989
213550	0.00350944
213600	0.00350166
213650	0.00350611
213700	0.00350276
213750	0.00350476
213800	0.00350616
213850	0.00349902
213900	0.0034971
213950	0.00352436
214000	0.00350939
214050	0.00350653
214100	0.00351218
214150	0.00351738
214200	0.00350762
214250	0.00350994
214300	0.00351042
214350	0.00350401
214400	0.00351926
214450	0.00350824
214500	0.00351482
214550	0.00351646
214600	0.00353722
214650	0.00352076
214700	0.00352293
214750	0.00352191
214800	0.00352054
214850	0.00352643
214900	0.0035215
214950	0.00353853
215000	0.00352478
215050	0.00353109
215100	0.00352056
215150	0.0035255
215200	0.00352922
215250	0.00352073
215300	0.00353392
215350	0.00352658
215400	0.00352975
215450	0.00352891
215500	0.00353502
215550	0.00352842
215600	0.0035408
215650	0.00352754
215700	0.00352855
215750	0.00354316
215800	0.00353074
215850	0.00353993
215900	0.0035319
215950	0.00353566
216000	0.00353852
216050	0.00354008
216100	0.00353621
216150	0.00353806
216200	0.0035589
216250	0.00355152
216300	0.00355301
216350	0.00354044
216400	0.00354611
216450	0.00355324
216500	0.00354708
216550	0.00354908
216600	0.00354329
216650	0.00355566
216700	0.00354994
216750	0.00355043
216800	0.00354445
216850	0.0035525
216900	0.00355513
216950	0.00356273
217000	0.00356283
217050	0.00356588
217100	0.00355972
217150	0.00356104
217200	0.00356271
217250	0.00355718
217300	0.00356706
217350	0.0035592
217400	0.00356893
217450	0.00355811
217500	0.00356188
217550	0.00356379
217600	0.00356619
217650	0.00356717
217700	0.00355675
217750	0.00357035
217800	0.00356733
217850	0.0035926
217900	0.00357939
217950	0.00356869
218000	0.00357192
218050	0.00357885
218100	0.0035714
218150	0.00357075
218200	0.00357556
218250	0.00357173
218300	0.00358296
218350	0.00357192
218400	0.00357577
218450	0.00357541
218500	0.00358334
218550	0.00357583
218600	0.00358548
218650	0.00358437
218700	0.00358873
218750	0.00358834
218800	0.00357828
218850	0.00358874
218900	0.00358808
218950	0.00359261
219000	0.00358558
219050	0.00359572
219100	0.00358417
219150	0.00359655
219200	0.00358924
219250	0.0035947
219300	0.00359719
219350	0.00359302
219400	0.00359514
219450	0.00359798
219500	0.00359857
219550	0.00360514
219600	0.0035999
219650	0.00359413
219700	0.0036069
219750	0.00359504
219800	0.00360158
219850	0.0036012
219900	0.00359964
219950	0.00360513
220000	0.00360496
220050	0.0036131
220100	0.00360663
220150	0.00362148
220200	0.00360282
220250	0.00361771
220300	0.00360721
220350	0.0036123
220400	0.00361034
220450	0.00361285
220500	0.00361092
220550	0.00361257
220600	0.00361394
220650	0.0036198
220700	0.00361546
220750	0.00361301
220800	0.00362003
220850	0.00361066
220900	0.0036241
220950	0.00361735
221000	0.00362398
221050	0.00362236
221100	0.00363613
221150	0.003623
221200	0.00362679
221250	0.00362239
221300	0.00362983
221350	0.00362651
221400	0.00362257
221450	0.00362823
221500	0.00363142
221550	0.00363399
221600	0.003639
221650	0.00365887
221700	0.00363086
221750	0.00364375
221800	0.00363074
221850	0.00363465
221900	0.0036385
221950	0.00363899
222000	0.00363889
222050	0.00364383
222100	0.00363828
222150	0.00364684
222200	0.0036389
222250	0.00363971
222300	0.00364491
222350	0.00363668
222400	0.00365172
222450	0.00363763
222500	0.00364943
222550	0.00364451
222600	0.00364774
222650	0.0036469
222700	0.00364848
222750	0.00364739
222800	0.00365323
222850	0.00364776
222900	0.00364549
222950	0.00365559
223000	0.00365285
223050	0.00365211
223100	0.0036577
223150	0.00366583
223200	0.00366863
223250	0.00366186
223300	0.00365627
223350	0.00366551
223400	0.00366293
223450	0.00367909
223500	0.0036617
223550	0.0036648
223600	0.00365844
223650	0.00367106
223700	0.00365988
223750	0.00366319
223800	0.00367389
223850	0.00367465
223900	0.0036679
223950	0.00366494
224000	0.00367326
224050	0.00367448
224100	0.00367252
224150	0.00366987
224200	0.00367695
224250	0.00367407
224300	0.00367995
224350	0.00367555
224400	0.00368603
224450	0.00368775
224500	0.00368057
224550	0.00367855
224600	0.00368144
224650	0.00368893
224700	0.00370242
224750	0.0036813
224800	0.00368811
224850	0.0036864
224900	0.00368847
224950	0.00368343
225000	0.00368784
225050	0.00368028
225100	0.00369554
225150	0.00368427
225200	0.00368849
225250	0.00369462
225300	0.00369495
225350	0.00369952
225400	0.00369106
225450	0.00369924
225500	0.00369958
225550	0.0036916
225600	0.00369859
225650	0.00369532
225700	0.00370448
225750	0.00370478
225800	0.00370307
225850	0.00370537
225900	0.00369707
225950	0.00371286
226000	0.0037029
226050	0.00370858
226100	0.0037024
226150	0.00371597
226200	0.00371553
226250	0.00372336
226300	0.00370875
226350	0.00371573
226400	0.00371092
226450	0.00371735
226500	0.00371081
226550	0.00371649
226600	0.00370488
226650	0.00371541
226700	0.00371551
226750	0.00371825
226800	0.00371142
226850	0.00371752
226900	0.0037173
226950	0.00371552
227000	0.00372336
227050	0.00372847
227100	0.00371758
227150	0.00373088
227200	0.0037192
227250	0.00373015
227300	0.00372259
227350	0.00372359
227400	0.00373299
227450	0.00372139
227500	0.00372704
227550	0.0037364
227600	0.00373115
227650	0.00372828
227700	0.00372975
227750	0.00374637
227800	0.00375273
227850	0.00372876
227900	0.00373791
227950	0.00373553
228000	0.00373986
228050	0.00374169
228100	0.00374294
228150	0.0037472
228200	0.00374514
228250	0.00373202
228300	0.00374507
228350	0.00373578
228400	0.00375129
228450	0.003737
228500	0.00375167
228550	0.00375034
228600	0.0037495
228650	0.00374057
228700	0.00376189
228750	0.00374971
228800	0.00375386
228850	0.00374102
228900	0.00374858
228950	0.00375447
229000	0.00375163
229050	0.00375105
229100	0.00376085
229150	0.00376969
229200	0.00376403
229250	0.00375214
229300	0.0037725
229350	0.00375606
229400	0.00376813
229450	0.00375444
229500	0.00376064
229550	0.00375769
229600	0.00376981
229650	0.00375999
229700	0.00377215
229750	0.00375865
229800	0.0037696
229850	0.00376022
229900	0.00376224
229950	0.00376625
230000	0.0037721
230050	0.00377151
230100	0.0037686
230150	0.0037671
230200	0.00377919
230250	0.00376262
230300	0.0037757
230350	0.00376706
230400	0.00377746
230450	0.00377719
230500	0.00377419
230550	0.00377891
230600	0.00378391
230650	0.00378973
230700	0.00379003
230750	0.00377819
230800	0.00379321
230850	0.0037754
230900	0.0037875
230950	0.00378226
231000	0.00378413
231050	0.00378101
231100	0.0037866
231150	0.00378499
231200	0.00378778
231250	0.00378326
231300	0.00378808
231350	0.00379097
231400	0.00379704
231450	0.00378441
231500	0.00379572
231550	0.00379494
231600	0.0037931
231650	0.00379559
231700	0.00380051
231750	0.00379376
231800	0.00380561
231850	0.00379325
231900	0.00380274
231950	0.00378978
232000	0.00380256
232050	0.00381075
232100	0.00380629
232150	0.00380997
232200	0.00380441
232250	0.00380869
232300	0.00380723
232350	0.00380228
232400	0.00381195
232450	0.00380733
232500	0.00380847
232550	0.00381621
232600	0.00380403
232650	0.0038133
232700	0.00381056
232750	0.00381619
232800	0.00381602
232850	0.00381232
232900	0.00381817
232950	0.00381712
233000	0.00382136
233050	0.0038193
233100	0.0038249
233150	0.00383141
233200	0.00381744
233250	0.003849
233300	0.00383291
233350	0.00383863
233400	0.00382276
233450	0.00382387
233500	0.00382773
233550	0.00382972
233600	0.00383228
233650	0.00383996
233700	0.00382898
233750	0.00383451
233800	0.00382444
233850	0.00383261
233900	0.00383062
233950	0.00383789
234000	0.00383366
234050	0.003833
234100	0.00384309
234150	0.00383309
234200	0.00383855
234250	0.00383475
234300	0.00383789
234350	0.00384375
234400	0.00383999
234450	0.00383795
234500	0.00385117
234550	0.00384972
234600	0.00384367
234650	0.00383769
234700	0.00385095
234750	0.00384644
234800	0.00384727
234850	0.00384218
234900	0.0038597
234950	0.00384266
235000	0.00385337
235050	0.00387121
235100	0.0038469
235150	0.00385289
235200	0.0038542
235250	0.00385223
235300	0.00386106
235350	0.00385623
235400	0.0038557
235450	0.00385557
235500	0.00385967
235550	0.00386207
235600	0.0038618
235650	0.00386551
235700	0.00385842
235750	0.00386265
235800	0.00388053
235850	0.00388552
235900	0.00386313
235950	0.00387157
236000	0.0038707
236050	0.00385914
236100	0.00386523
236150	0.00387007
236200	0.00386722
236250	0.0038727
236300	0.00387244
236350	0.00387232
236400	0.00387265
236450	0.00387891
236500	0.00387878
236550	0.00387712
236600	0.00388855
236650	0.0038722
236700	0.00388193
236750	0.00387604
236800	0.00389154
236850	0.00387472
236900	0.00389262
236950	0.00388431
237000	0.00388255
237050	0.00388383
237100	0.00388318
237150	0.00389112
237200	0.00389441
237250	0.00389864
237300	0.00388904
237350	0.00388752
237400	0.00390964
237450	0.0038846
237500	0.00389121
237550	0.00389691
237600	0.00389741
237650	0.00388758
237700	0.00389269
237750	0.00390207
237800	0.00389017
237850	0.00389748
237900	0.0038983
237950	0.00390769
238000	0.00390186
238050	0.00389863
238100	0.00390831
238150	0.0039023
238200	0.00390369
238250	0.00390412
238300	0.00391116
238350	0.00389996
238400	0.00390246
238450	0.00390542
238500	0.00390779
238550	0.00392155
238600	0.00392099
238650	0.00392216
238700	0.00390971
238750	0.00391332
238800	0.00391672
238850	0.00391211
238900	0.00391803
238950	0.00391431
239000	0.0039164
239050	0.00391864
239100	0.00392019
239150	0.00391501
239200	0.00391712
239250	0.00393112
239300	0.00392392
239350	0.00392174
239400	0.00391897
239450	0.00393135
239500	0.00393201
239550	0.00392609
239600	0.00393613
239650	0.00392065
239700	0.00393304
239750	0.00392547
239800	0.00394497
239850	0.00393466
239900	0.00394487
239950	0.00393154
240000	0.00393506
240050	0.00394559
240100	0.00393252
240150	0.0039495
240200	0.00394033
240250	0.00394897
240300	0.0039415
240350	0.00395418
240400	0.00393635
240450	0.00393767
240500	0.00394781
240550	0.0039441
240600	0.00394546
240650	0.0039464
240700	0.00394707
240750	0.00394366
240800	0.0039434
240850	0.00394813
240900	0.00395838
240950	0.00395845
241000	0.00395027
241050	0.0039553
241100	0.0039469
241150	0.00395751
241200	0.00394597
241250	0.00394859
241300	0.00395323
241350	0.0039548
241400	0.00395101
241450	0.00395464
241500	0.00395997
241550	0.00395656
241600	0.00396642
241650	0.0039549
241700	0.00395879
241750	0.00396331
241800	0.00395779
241850	0.00396885
241900	0.00395966
241950	0.00395797
242000	0.00396387
242050	0.00396672
242100	0.00397759
242150	0.00398733
242200	0.00397019
242250	0.00397345
242300	0.0039741
242350	0.00397531
242400	0.00398155
242450	0.00396784
242500	0.00397339
242550	0.00396853
242600	0.00397681
242650	0.0039738
242700	0.00398273
242750	0.00397542
242800	0.0039749
242850	0.00397284
242900	0.00398234
242950	0.00398318
243000	0.003986
243050	0.00399342
243100	0.00398154
243150	0.00398393
243200	0.00398593
243250	0.00399045
243300	0.00398728
243350	0.00398544
243400	0.00398486
243450	0.00398817
243500	0.00399282
243550	0.00398923
243600	0.00400114
243650	0.00399498
243700	0.00399774
243750	0.00399309
243800	0.00399781
243850	0.00399771
243900	0.00400113
243950	0.00400364
244000	0.00400038
244050	0.00399932
244100	0.00400247
244150	0.00400754
244200	0.00399615
244250	0.0040021
244300	0.00400866
244350	0.00402141
244400	0.00401087
244450	0.00400578
244500	0.00400732
244550	0.00399933
244600	0.00400905
244650	0.0040033
244700	0.00402356
244750	0.00400258
244800	0.00401585
244850	0.00401187
244900	0.00402275
244950	0.00400678
245000	0.00401874
245050	0.00402182
245100	0.00401517
245150	0.00401553
245200	0.00402228
245250	0.0040258
245300	0.0040233
245350	0.00402
245400	0.00402036
245450	0.00402788
245500	0.00402125
245550	0.00402741
245600	0.00403035
245650	0.00404967
245700	0.00402434
245750	0.00403377
245800	0.0040413
245850	0.00403014
245900	0.00402798
245950	0.00402672
246000	0.00403202
246050	0.00403144
246100	0.00404816
246150	0.00404434
246200	0.00403418
246250	0.00404053
246300	0.00403594
246350	0.00403946
246400	0.00403347
246450	0.00404079
246500	0.00404637
246550	0.00405571
246600	0.00404901
246650	0.00405294
246700	0.00403993
246750	0.0040476
246800	0.00404732
246850	0.00405585
246900	0.00403878
246950	0.00405085
247000	0.00404887
247050	0.00404805
247100	0.00405026
247150	0.00406017
247200	0.00405417
247250	0.00405093
247300	0.00404941
247350	0.00405592
247400	0.00405629
247450	0.00405962
247500	0.00405564
247550	0.00405086
247600	0.00406531
247650	0.00404995
247700	0.00406149
247750	0.00406128
247800	0.00407272
247850	0.00407007
247900	0.00407364
247950	0.00406228
248000	0.00406402
248050	0.00407105
248100	0.00406844
248150	0.00406095
248200	0.00406283
248250	0.00407013
248300	0.00406511
248350	0.00406779
248400	0.00406837
248450	0.00407213
248500	0.00407506
248550	0.00407944
248600	0.00407902
248650	0.00407458
248700	0.0040716
248750	0.00407903
248800	0.00407773
248850	0.00407371
248900	0.00407392
248950	0.00408082
249000	0.00408019
249050	0.0040974
249100	0.00409262
249150	0.00407957
249200	0.00408273
249250	0.0040991
249300	0.00409337
249350	0.00408471
249400	0.00408508
249450	0.00409055
249500	0.00408764
249550	0.00408851
249600	0.00409622
249650	0.00408763
249700	0.00409573
249750	0.00409039
249800	0.004095
249850	0.0040992
249900	0.00410511
249950	0.00409548
250000	0.00409812
250050	0.00409414
250100	0.00409605
250150	0.0041018
250200	0.00409873
250250	0.0040935
250300	0.00409982
250350	0.00410382
250400	0.00410496
250450	0.00410404
250500	0.00410767
