100	2.055e-05
299	2.5569e-05
498	3.2492e-05
697	5.2848e-05
896	2.6045e-05
1095	3.2767e-05
1294	8.8931e-05
1493	3.7377e-05
1692	4.1079e-05
1891	4.6444e-05
1990	4.60596e-05
2089	4.952e-05
2188	4.9479e-05
2287	5.0956e-05
2386	0.000187259
2485	5.4514e-05
2584	5.8142e-05
2683	5.7614e-05
2782	5.9737e-05
2881	6.0988e-05
2980	6.4956e-05
3079	6.9309e-05
3178	0.000100085
3277	7.8383e-05
3376	7.691e-05
3475	8.908e-05
3574	7.9946e-05
3673	7.921e-05
3772	8.048e-05
3871	8.2601e-05
3970	0.000125578
4069	0.000117302
4168	0.000110474
4267	0.000111964
4366	0.000114082
4465	0.000119532
4564	0.000117616
4663	0.000119124
4762	0.000349434
4861	0.000114731
4960	0.000116067
5059	0.000116706
5158	0.000126464
5257	0.00012019
5356	0.000121343
5455	0.000123225
5554	0.000131645
5653	0.000127324
5752	0.00012476
5851	0.00012576
5950	0.000136807
6049	0.000127743
6148	0.000134506
6247	0.000133031
6346	0.000134315
6445	0.000135655
6544	0.000137112
6643	0.000142928
6742	0.000141288
6841	0.000172172
6940	0.000151861
7039	0.00015495
7138	0.000152718
7237	0.000154046
7336	0.000189353
7435	0.000167789
7534	0.000162838
7633	0.000160506
7732	0.000161457
7831	0.000163287
7930	0.000204898
8029	0.000278212
8128	0.00023106
8227	0.000233202
8326	0.000235428
8425	0.000246267
8524	0.000238945
8623	0.000241141
8722	0.000244217
8821	0.000245268
8920	0.000214107
9019	0.000201326
9118	0.000202529
9217	0.000204282
9316	0.000205937
9415	0.000683245
9514	0.00022519
9613	0.000226366
9712	0.000226367
9811	0.000227425
9910	0.000232263
10009	0.000422088
10108	0.000539032
10207	0.000401971
10306	0.000255589
10405	0.000403099
10504	0.000319795
10603	0.000256978
10702	0.000263621
10801	0.000278419
10900	0.000256305
10999	0.000239955
11098	0.000242217
11197	0.000244017
11296	0.000313436
11395	0.000254873
11494	0.000256013
11593	0.000255983
11692	0.000257562
11791	0.000269678
11890	0.000311486
11989	0.000256187
12088	0.000258115
12187	0.0002917
12286	0.000261909
12385	0.000263844
12484	0.000264633
12583	0.000266462
12682	0.000271025
12781	0.000269018
12880	0.000272424
12979	0.000274228
13078	0.000283583
13177	0.000278217
13276	0.000278867
13375	0.00028028
13474	0.000281183
13573	0.000285411
13672	0.000285141
13771	0.000286891
13870	0.00030005
13969	0.000337497
14068	0.000599318
14167	0.000702376
14266	0.000364115
14365	0.000296736
14464	0.000298161
14563	0.000303385
14662	0.000358432
14761	0.00036648
14860	0.000360029
14959	0.000352235
15058	0.000341048
15157	0.00037219
15256	0.000333454
15355	0.000325237
15454	0.000329159
15553	0.000329337
15652	0.000328915
15751	0.000331083
15850	0.000396138
15949	0.000408624
16048	0.000365341
16147	0.000365045
16246	0.000367369
16345	0.000399211
16444	0.000348618
16543	0.00035761
16642	0.000340732
16741	0.00034147
16840	0.000371819
16939	0.000541215
17038	0.000478182
17137	0.000472743
17236	0.00035487
17335	0.000442937
17434	0.000439236
17533	0.000379119
17632	0.000410767
17731	0.000368552
17830	0.000443493
17929	0.000369577
18028	0.000372058
18127	0.000372697
18226	0.000380756
18325	0.000375747
18424	0.000377257
18523	0.000379395
18622	0.000425624
18721	0.00118285
18820	0.000422617
18919	0.000391447
19018	0.000393561
19117	0.000398384
19216	0.000396044
19315	0.000397676
19414	0.000399267
19513	0.000400884
19612	0.000401429
19711	0.000408443
19810	0.000485195
19909	0.000473156
20008	0.000480209
20107	0.000477661
20206	0.000842914
20305	0.000464131
20404	0.000428592
20503	0.000420686
20602	0.000428925
20701	0.000423737
20800	0.000448098
20899	0.000439204
20998	0.000445174
21097	0.000442558
21196	0.000442559
21295	0.000444278
21394	0.000445087
21493	0.000543963
21592	0.000448424
21691	0.000450282
21790	0.00048733
21889	0.000463514
21988	0.000461369
22087	0.000463229
22186	0.000464061
22285	0.000465258
22384	0.000466845
22483	0.000473465
22582	0.000512549
22681	0.000471603
22780	0.00051138
22879	0.000477233
22978	0.000473491
23077	0.000474967
23176	0.000477814
23275	0.000478905
23374	0.00048494
23473	0.000482147
23572	0.000488801
23671	0.000490458
23770	0.000527373
23869	0.00049316
23968	0.000495303
24067	0.000495461
24166	0.000497015
24265	0.000732305
24364	0.000585629
24463	0.000546023
24562	0.000556986
24661	0.000504523
24760	0.00053836
24859	0.000528835
24958	0.000529555
25057	0.000532796
25156	0.000530284
25255	0.000529582
25354	0.000541732
25453	0.000522056
25552	0.000568713
25651	0.000526068
25750	0.000601512
25849	0.000547873
25948	0.00055084
26047	0.000551377
26146	0.000563152
26245	0.00055658
26344	0.000555595
26443	0.000580084
26542	0.000598949
26641	0.000753966
26740	0.000622026
26839	0.000576336
26938	0.000578669
27037	0.000589424
27136	0.000581715
27235	0.000583454
27334	0.000588364
27433	0.000579889
27532	0.00057979
27631	0.000587552
27730	0.000652705
27829	0.000707416
27928	0.000627421
28027	0.000584385
28126	0.000578001
28225	0.000579359
28324	0.000580455
28423	0.000606444
28522	0.000585748
28621	0.000584847
28720	0.000624682
28819	0.00118714
28918	0.00120389
29017	0.000949854
29116	0.000923847
29215	0.000926722
29314	0.000930559
29413	0.000822274
29512	0.000818807
29611	0.000825797
29710	0.000707144
29809	0.00063009
29908	0.000624383
30007	0.00062479
30106	0.000631028
30205	0.000682977
30304	0.000632494
30403	0.000626543
30502	0.000624329
30601	0.000625569
30700	0.000771232
30799	0.00073888
30898	0.000679738
30997	0.000647001
31096	0.000694081
31195	0.000696539
31294	0.000653883
31393	0.000675046
31492	0.000700147
31591	0.000686085
31690	0.000814969
31789	0.000905125
31888	0.000933721
31987	0.00111277
32086	0.00103623
32185	0.00104474
32284	0.00103992
32383	0.00104187
32482	0.00104385
32581	0.00103373
32680	0.000758876
32779	0.000724012
32878	0.000725961
32977	0.000728223
33076	0.000731965
33175	0.000736721
33274	0.000732771
33373	0.000733889
33472	0.000727573
33571	0.000770855
33670	0.000831915
33769	0.00069389
33868	0.000696718
33967	0.000757131
34066	0.00112067
34165	0.000956553
34264	0.00085447
34363	0.000864878
34462	0.000827023
34561	0.000831758
34660	0.00078981
34759	0.000714908
34858	0.000716996
34957	0.000723901
35056	0.000719721
35155	0.000721004
35254	0.000722124
35353	0.000724223
35452	0.000729201
35551	0.000773436
35650	0.00084288
35749	0.000746405
35848	0.000748434
35947	0.000756383
36046	0.000797946
36145	0.000754962
36244	0.000754484
36343	0.000755189
36442	0.000882477
36541	0.000760777
36640	0.000880822
36739	0.000777937
36838	0.000786433
36937	0.000785235
37036	0.000783514
37135	0.000855977
37234	0.000864804
37333	0.00285219
37432	0.000952177
37531	0.00120421
37630	0.000914489
37729	0.00105098
37828	0.000886006
37927	0.000862442
38026	0.000835613
38125	0.000945261
38224	0.000880457
38323	0.000832968
38422	0.000830882
38521	0.000832843
38620	0.000960939
38719	0.00088074
38818	0.00108887
38917	0.00131265
39016	0.00081862
39115	0.000818673
39214	0.00082758
39313	0.000819713
39412	0.000867643
39511	0.000840177
39610	0.000949021
39709	0.000993022
39808	0.000934049
39907	0.000901379
40006	0.00082143
40105	0.000855096
40204	0.00100849
40303	0.00163386
40402	0.00167645
40501	0.00133096
40600	0.000902431
40699	0.000963422
40798	0.000851322
40897	0.000851095
40996	0.000854269
41095	0.000865387
41194	0.000932123
41293	0.000859899
41392	0.000860221
41491	0.000883214
41590	0.000938372
41689	0.000857409
41788	0.000901218
41887	0.00095653
41986	0.00117694
42085	0.00100687
42184	0.00172879
42283	0.00135722
42382	0.00133969
42481	0.00130057
42580	0.000989665
42679	0.00101367
42778	0.000906917
42877	0.000931065
42976	0.000930386
43075	0.000914453
43174	0.000912379
43273	0.000913875
43372	0.000917156
43471	0.000981597
43570	0.000951908
43669	0.000953111
43768	0.000939459
43867	0.000908841
43966	0.000902964
44065	0.000938282
44164	0.000958407
44263	0.00106782
44362	0.00203811
44461	0.000963588
44560	0.00101027
44659	0.000928352
44758	0.000941041
44857	0.000932182
44956	0.000984967
45055	0.000962787
45154	0.00101754
45253	0.000931787
45352	0.0011052
45451	0.00153742
45550	0.00104102
45649	0.00161804
45748	0.00135188
45847	0.00114588
45946	0.00115588
46045	0.00103583
46144	0.000999564
46243	0.00099153
46342	0.000996487
46441	0.000978322
46540	0.00112432
46639	0.00107361
46738	0.00102979
46837	0.000976703
46936	0.00113142
47035	0.00108587
47134	0.00111334
47233	0.000983184
47332	0.00109748
47431	0.000983273
47530	0.00115463
47629	0.00121244
47728	0.00114817
47827	0.00107882
47926	0.000983325
48025	0.00115366
48124	0.00126982
48223	0.00110389
48322	0.00129345
48421	0.00115471
48520	0.00110373
48619	0.001106
48718	0.00128652
48817	0.00121865
48916	0.00128839
49015	0.00113919
49114	0.00104022
49213	0.00106876
49312	0.00107162
49411	0.00107475
49510	0.0011114
49609	0.00105609
49708	0.00103659
49807	0.00103913
49906	0.00104699
50005	0.00104041
50104	0.00116404
50203	0.00110895
50302	0.00118614
50401	0.00122516
50500	0.00131837
50599	0.00103756
50698	0.00104131
50797	0.00113662
50896	0.00106581
50995	0.00104634
51094	0.00122482
51193	0.00158048
51292	0.00151857
51391	0.00107167
51490	0.00114069
51589	0.00107614
51688	0.00108492
51787	0.00107717
51886	0.00112482
51985	0.00116015
52084	0.00109285
52183	0.00108559
52282	0.00109254
52381	0.00108823
52480	0.00130779
52579	0.00108109
52678	0.00108814
52777	0.00108362
52876	0.0011334
52975	0.00108699
53074	0.0010875
53173	0.00109593
53272	0.00117185
53371	0.00112579
53470	0.00127203
53569	0.00136302
53668	0.00149647
53767	0.0017281
53866	0.00167708
53965	0.0015257
54064	0.00148811
54163	0.00136682
54262	0.00130425
54361	0.00120762
54460	0.00126167
54559	0.00129204
54658	0.00185813
54757	0.00159553
54856	0.00159688
54955	0.0015335
55054	0.00152729
55153	0.00156151
55252	0.00147671
55351	0.00139627
55450	0.00126745
55549	0.00115757
55648	0.00116111
55747	0.00118549
55846	0.00123285
55945	0.00130529
56044	0.0011782
56143	0.00135248
56242	0.0011847
56341	0.00115386
56440	0.00139857
56539	0.00116031
56638	0.00155204
56737	0.00162593
56836	0.00143655
56935	0.00130398
57034	0.00120699
57133	0.00117025
57232	0.00117179
57331	0.00117568
57430	0.00137792
57529	0.00177684
57628	0.00189794
57727	0.00187457
57826	0.00162275
57925	0.00161453
58024	0.00144346
58123	0.00139137
58222	0.00128384
58321	0.00119551
58420	0.00140335
58519	0.00123715
58618	0.00126957
58717	0.00121353
58816	0.00120614
58915	0.00138376
59014	0.00171418
59113	0.00233948
59212	0.00191177
59311	0.00182391
59410	0.00132676
59509	0.00140943
59608	0.00135482
59707	0.0013171
59806	0.00177079
59905	0.00250683
60004	0.00215241
60103	0.00192407
60202	0.00175246
60301	0.0016899
60400	0.00145115
60499	0.00124249
60598	0.00125348
60697	0.00129609
60796	0.00124768
60895	0.00152128
60994	0.00253463
61093	0.00211096
61192	0.00197334
61291	0.00173156
61390	0.0013644
61489	0.00143001
61588	0.00130343
61687	0.00128255
61786	0.00145566
61885	0.00130618
61984	0.00127446
62083	0.00127135
62182	0.00127358
62281	0.00127527
62380	0.00145082
62479	0.00128127
62578	0.00128293
62677	0.00128655
62776	0.0012901
62875	0.00150249
62974	0.00135834
63073	0.00129162
63172	0.00129199
63271	0.001295
63370	0.0014776
63469	0.0017925
63568	0.00170868
63667	0.00160402
63766	0.00146511
63865	0.00134712
63964	0.00156846
64063	0.00215516
64162	0.00239247
64261	0.00203122
64360	0.00153352
64459	0.00138528
64558	0.00144623
64657	0.0014489
64756	0.00264889
64855	0.00239832
64954	0.00208707
65053	0.00189294
65152	0.00180764
65251	0.00165005
65350	0.00150162
65449	0.00189625
65548	0.00237399
65647	0.00210969
65746	0.00189534
65845	0.00180789
65944	0.00166576
66043	0.00153898
66142	0.00142455
66241	0.0014715
66340	0.00155471
66439	0.0013657
66538	0.00136536
66637	0.00141451
66736	0.00144421
66835	0.001391
66934	0.0015087
67033	0.00272822
67132	0.00240226
67231	0.00212511
67330	0.00156396
67429	0.00263329
67528	0.00243885
67627	0.00214189
67726	0.00190853
67825	0.00182674
67924	0.00168705
68023	0.00178084
68122	0.00151613
68221	0.00179322
68320	0.00163034
68419	0.0014828
68518	0.0015235
68617	0.00151414
68716	0.00147166
68815	0.00147584
68914	0.00147414
69013	0.00152779
69112	0.00150059
69211	0.00149123
69310	0.00177696
69409	0.00192058
69508	0.00175654
69607	0.00161333
69706	0.00146157
69805	0.00161031
69904	0.0016011
70003	0.00150654
70102	0.0014389
70201	0.00143594
70300	0.00154855
70399	0.00144434
70498	0.0016651
70597	0.00220331
70696	0.00246828
70795	0.00223145
70894	0.0019925
70993	0.00196966
71092	0.0017312
71191	0.00155761
71290	0.00171086
71389	0.00151398
71488	0.00146653
71587	0.00146681
71686	0.00153844
71785	0.00155244
71884	0.00147384
71983	0.0014735
72082	0.00147628
72181	0.00168317
72280	0.00174859
72379	0.00152615
72478	0.00150698
72577	0.00150824
72676	0.00180244
72775	0.00298212
72874	0.00241562
72973	0.00222733
73072	0.00207693
73171	0.0018596
73270	0.00165241
73369	0.00162054
73468	0.00180441
73567	0.00265313
73666	0.00245116
73765	0.00226318
73864	0.00208888
73963	0.00185951
74062	0.0017444
74161	0.00157273
74260	0.00185536
74359	0.00161255
74458	0.00153094
74557	0.0048239
74656	0.0016739
74755	0.00155333
74854	0.00155062
74953	0.00157523
75052	0.00155521
75151	0.00187794
75250	0.00171095
75349	0.00153999
75448	0.00180685
75547	0.00181167
75646	0.00175385
75745	0.00154906
75844	0.00171552
75943	0.0028625
76042	0.00278383
76141	0.00241612
76240	0.00169799
76339	0.00158808
76438	0.00175709
76537	0.00170719
76636	0.001595
76735	0.00159621
76834	0.00165756
76933	0.00170282
77032	0.00166464
77131	0.00161835
77230	0.00180162
77329	0.00164087
77428	0.0016429
77527	0.00162033
77626	0.00161619
77725	0.00182964
77824	0.00162746
77923	0.00162459
78022	0.00184565
78121	0.00162233
78220	0.00179271
78319	0.0019984
78418	0.00183903
78517	0.00174648
78616	0.00162016
78715	0.00161688
78814	0.00161483
78913	0.00186577
79012	0.00323727
79111	0.00255916
79210	0.00175738
79309	0.00246745
79408	0.00290041
79507	0.00249084
79606	0.00221253
79705	0.00205234
79804	0.00189337
79903	0.00169105
80002	0.00220355
80101	0.0026366
80200	0.0018792
80299	0.00164654
80398	0.00168984
80497	0.00164679
80596	0.00165444
80695	0.00184377
80794	0.00240256
80893	0.00191594
80992	0.00176735
81091	0.00227594
81190	0.00197373
81289	0.00252603
81388	0.00226742
81487	0.00202994
81586	0.00189702
81685	0.00173352
81784	0.00184413
81883	0.00195934
81982	0.00190404
82081	0.00174372
82180	0.00205188
82279	0.00204427
82378	0.00186028
82477	0.0016953
82576	0.0018605
82675	0.00173179
82774	0.00176228
82873	0.00178673
82972	0.0017297
83071	0.00172627
83170	0.00193336
83269	0.00289919
83368	0.00257352
83467	0.0023289
83566	0.00212071
83665	0.00191263
83764	0.00192027
83863	0.00350569
83962	0.00269589
84061	0.0024779
84160	0.00192816
84259	0.00325924
84358	0.0026705
84457	0.00235312
84556	0.0021693
84655	0.0020468
84754	0.00178734
84853	0.0020252
84952	0.00183514
85051	0.00178911
85150	0.00205485
85249	0.0018878
85348	0.00179842
85447	0.00182235
85546	0.00182131
85645	0.00197509
85744	0.00176457
85843	0.00175485
85942	0.0017561
86041	0.00175589
86140	0.00196943
86239	0.00176355
86338	0.00180923
86437	0.00176945
86536	0.00177116
86635	0.00178085
86734	0.00177234
86833	0.00186106
86932	0.00206399
87031	0.00186631
87130	0.00207808
87229	0.0021709
87328	0.00192075
87427	0.00181554
87526	0.00222444
87625	0.00189587
87724	0.00179258
87823	0.00179184
87922	0.00184361
88021	0.00179827
88120	0.00208661
88219	0.00336969
88318	0.00280003
88417	0.00250275
88516	0.00226442
88615	0.00209624
88714	0.00184195
88813	0.00194666
88912	0.00184001
89011	0.00188999
89110	0.00207999
89209	0.00184574
89308	0.00184515
89407	0.00229651
89506	0.00311359
89605	0.00287983
89704	0.00261589
89803	0.00236294
89902	0.00214596
90001	0.00190984
90100	0.00212601
90199	0.00198748
90298	0.0019524
90397	0.00193632
90496	0.0019386
90595	0.00195214
90694	0.00185824
90793	0.00185349
90892	0.0018613
90991	0.0020122
91090	0.00223098
91189	0.00186374
91288	0.00288171
91387	0.00333434
91486	0.00280122
91585	0.00252865
91684	0.00229186
91783	0.00201759
91882	0.00196494
91981	0.00214172
92080	0.0020774
92179	0.00193167
92278	0.00192284
92377	0.00192162
92476	0.00192234
92575	0.00318174
92674	0.00329112
92773	0.00283618
92872	0.00253514
92971	0.00229603
93070	0.00217074
93169	0.00191661
93268	0.00190724
93367	0.0020897
93466	0.00201006
93565	0.00191438
93664	0.00191953
93763	0.00191395
93862	0.00196054
93961	0.00194269
94060	0.00229122
94159	0.00253511
94258	0.00228815
94357	0.00205514
94456	0.00199198
94555	0.00209509
94654	0.00235739
94753	0.00211249
94852	0.00212301
94951	0.00199931
95050	0.0021523
95149	0.00310395
95248	0.00277134
95347	0.00250616
95446	0.00227172
95545	0.00214499
95644	0.00235074
95743	0.00232721
95842	0.00203751
95941	0.0019584
96040	0.00229507
96139	0.002273
96238	0.00203863
96337	0.00197125
96436	0.00203952
96535	0.00284119
96634	0.00234137
96733	0.00209476
96832	0.00276216
96931	0.00224018
97030	0.0023836
97129	0.00221718
97228	0.00211817
97327	0.00225777
97426	0.00202796
97525	0.00235768
97624	0.00211152
97723	0.00207376
97822	0.0020051
97921	0.00199813
98020	0.00227389
98119	0.00231754
98218	0.00274939
98317	0.0030965
98416	0.00281607
98515	0.00269791
98614	0.00231124
98713	0.00247442
98812	0.00242717
98911	0.00213344
99010	0.00232442
99109	0.00239556
99208	0.00206656
99307	0.00208409
99406	0.002075
99505	0.00210298
99604	0.00203614
99703	0.00204455
99802	0.00218546
99901	0.00391479
100000	0.00240836
