90900	0.0078291
90800	0.0069083
90700	0.00688005
90600	0.00675773
90500	0.00697404
90400	0.00708925
90300	0.00673336
90200	0.00682649
90100	0.00675319
90000	0.00773479
89900	0.0102407
89800	0.00674445
89700	0.00665247
89600	0.00664652
89500	0.00661959
89400	0.00659852
89300	0.00787408
89200	0.00903085
89100	0.00758633
89000	0.0068654
88900	0.00649871
88800	0.006587
88700	0.00761211
88600	0.00870609
88500	0.0068104
88400	0.0068152
88300	0.0069905
88200	0.00739638
88100	0.00859596
88000	0.00847365
87900	0.00645883
87800	0.00651095
87700	0.00685227
87600	0.00861614
87500	0.00934599
87400	0.00665643
87300	0.00737119
87200	0.00653326
87100	0.00637004
87000	0.00629459
86900	0.00686472
86800	0.00627977
86700	0.00633341
86600	0.00624968
86500	0.00624357
86400	0.00715951
86300	0.00625363
86200	0.00637609
86100	0.00719546
86000	0.00944501
85900	0.0063462
85800	0.00630907
85700	0.00630275
85600	0.00621175
85500	0.00725439
85400	0.00634993
85300	0.0061107
85200	0.00616451
85100	0.00646857
85000	0.0075302
84900	0.00905003
84800	0.00749614
84700	0.00893462
84600	0.00674207
84500	0.00620307
84400	0.00627136
84300	0.00618158
84200	0.00654659
84100	0.00613572
84000	0.00617869
83900	0.00769847
83800	0.00598599
83700	0.00680934
83600	0.00636583
83500	0.00645235
83400	0.00614491
83300	0.00638802
83200	0.00873842
83100	0.0071685
83000	0.00636318
82900	0.00758788
82800	0.00691514
82700	0.00582822
82600	0.00607248
82500	0.00584649
82400	0.00593526
82300	0.00615324
82200	0.00581606
82100	0.00585781
82000	0.00592149
81900	0.00653243
81800	0.00857603
81700	0.00604095
81600	0.00573912
81500	0.00612239
81400	0.00711607
81300	0.00927298
81200	0.00573432
81100	0.00572797
81000	0.0066895
80900	0.00588046
80800	0.00567581
80700	0.0058627
80600	0.006301
80500	0.00631497
80300	0.00578701
80100	0.00646355
79900	0.00580458
79700	0.00550413
79600	0.00560779
79500	0.0056195
79400	0.00556924
79300	0.00580817
79200	0.00627645
79100	0.0056069
79000	0.00581858
78900	0.00739477
78800	0.0082556
78700	0.00785884
78600	0.00714419
78500	0.00557853
78400	0.00566744
78300	0.00619337
78200	0.00791671
78100	0.00564713
78000	0.00603492
77900	0.00556596
77800	0.0056934
77700	0.00550666
77600	0.00598648
77500	0.00555432
77400	0.00620427
77300	0.00708438
77200	0.00772737
77100	0.0054867
77000	0.00553312
76900	0.0070512
76800	0.00717535
76700	0.00560645
76600	0.00551154
76500	0.00594391
76400	0.00528153
76300	0.00525642
76200	0.00534641
76100	0.00630764
76000	0.00859046
75900	0.0058518
75800	0.00753022
75700	0.00630587
75600	0.00579886
75500	0.00514496
75400	0.00509815
75300	0.00516997
75200	0.00508989
75100	0.0051313
75000	0.00543093
74900	0.00519124
74800	0.0051988
74700	0.00570456
74600	0.00696987
74500	0.00781912
74400	0.00506936
74300	0.00523567
74200	0.00502671
74100	0.00507285
74000	0.00514607
73900	0.00514236
73800	0.00546896
73700	0.00517854
73600	0.00518479
73500	0.00510497
73400	0.00538001
73300	0.00497262
73200	0.00502912
73100	0.00499642
73000	0.00501868
72900	0.00544978
72800	0.00488241
72700	0.00516755
72600	0.00659223
72500	0.00757471
72400	0.00489176
72300	0.00487181
72200	0.00514829
72100	0.00531608
72000	0.00517932
71900	0.00508062
71800	0.00478183
71700	0.00477722
71600	0.00585387
71500	0.00761934
71400	0.00575942
71300	0.00484516
71200	0.00479612
71100	0.00516236
71000	0.0070003
70900	0.00487579
70800	0.00503624
70700	0.00480092
70600	0.00501664
70500	0.00504368
70400	0.00526077
70300	0.00471921
70200	0.00500299
70100	0.00462052
70000	0.0048496
69900	0.00524515
69800	0.00474893
69700	0.00465663
69600	0.00495938
69500	0.00462468
69400	0.0048563
69300	0.00539751
69200	0.0066233
69100	0.00648013
69000	0.00456777
68900	0.00459537
68800	0.00481377
68700	0.0048925
68600	0.00458952
68500	0.00452873
68400	0.00511691
68300	0.00454716
68200	0.00455731
68100	0.00459796
68000	0.00476783
67900	0.00461531
67800	0.00442742
67700	0.00454024
67600	0.00450743
67500	0.00512103
67400	0.00684541
67300	0.00460458
67200	0.00443177
67100	0.00437101
67000	0.00443145
66900	0.00479937
66800	0.00611583
66700	0.00656502
66600	0.00489505
66500	0.0042811
66400	0.00433115
66300	0.00443243
66200	0.00462854
66100	0.00426892
66000	0.00437153
65900	0.00448046
65800	0.00457886
65700	0.00466259
65600	0.00456948
65500	0.00575938
65400	0.00544216
65300	0.00457307
65200	0.00556961
65100	0.0071913
65000	0.0041618
64900	0.0044116
64800	0.00489593
64700	0.0041595
64600	0.00425002
64500	0.00478046
64400	0.00597652
64300	0.00619988
64200	0.0042648
64100	0.00427742
64000	0.0053129
63900	0.00474288
63800	0.00404698
63700	0.0040206
63600	0.00404545
63500	0.0044272
63400	0.00509018
63300	0.00631143
63200	0.00536618
63100	0.00410109
63000	0.00450323
62900	0.00432361
62800	0.00401679
62700	0.00404584
62600	0.00449529
62500	0.00515196
62400	0.00599586
62300	0.004629
62200	0.00413902
62100	0.00424677
62000	0.00397883
61900	0.00396806
61800	0.00384887
61700	0.00384755
61600	0.00398314
61500	0.00383405
61400	0.00383804
61300	0.0038295
61200	0.0042968
61100	0.00378594
61000	0.00413449
60900	0.00428068
60800	0.00518693
60700	0.00560328
60600	0.00415315
60500	0.00381029
60400	0.00448841
60300	0.00422673
60200	0.00371419
60100	0.00375267
60000	0.00377898
59900	0.00372993
59800	0.00401323
59700	0.00447941
59600	0.00569167
59500	0.00476454
59400	0.00418074
59300	0.00365712
59200	0.00375447
59100	0.00387377
59000	0.00383259
58900	0.00367577
58800	0.00361885
58700	0.0036629
58600	0.00367709
58500	0.00440566
58400	0.00356137
58300	0.00361252
58200	0.003727
58100	0.00379501
58000	0.00361715
57900	0.00354278
57800	0.003584
57700	0.00365904
57600	0.00413212
57500	0.00449423
57400	0.00409335
57300	0.00479394
57200	0.00609658
57100	0.00372434
57000	0.00437275
56900	0.00526931
56800	0.00517507
56700	0.00373305
56600	0.00365766
56500	0.00382447
56400	0.00362124
56300	0.00342584
56200	0.00342848
56100	0.0037746
56000	0.00366386
55900	0.00449371
55800	0.00419438
55700	0.00353529
55600	0.00368235
55500	0.00357394
55400	0.00353386
55300	0.0038134
55200	0.00437036
55100	0.00333403
55000	0.0036776
54900	0.00380602
54800	0.00328792
54700	0.00344474
54600	0.003636
54500	0.00329284
54400	0.00341914
54300	0.00328739
54200	0.00345791
54100	0.00347191
54000	0.00370619
53900	0.00415734
53800	0.00503127
53700	0.00526763
53600	0.00326357
53500	0.00321491
53400	0.00334029
53300	0.00319026
53200	0.0032342
53100	0.00356804
53000	0.00315085
52900	0.00318187
52800	0.00313543
52700	0.00321106
52600	0.00327181
52500	0.00313512
52400	0.00318455
52300	0.00312882
52200	0.0034455
52100	0.00342027
52000	0.00337847
51900	0.00380873
51800	0.00447441
51700	0.00561484
51600	0.00313862
51500	0.00327021
51400	0.00303977
51300	0.00345489
51200	0.0031969
51100	0.00379591
51000	0.00321877
50900	0.00345068
50800	0.00395521
50700	0.0042805
50600	0.00318282
50500	0.00311197
50400	0.00341055
50300	0.00294218
50200	0.00294692
50100	0.00295324
50000	0.00305174
49900	0.00346269
49800	0.00314922
49700	0.00371298
49600	0.00432695
49500	0.00335277
49400	0.0030033
49300	0.0029312
49200	0.00292728
49100	0.00301583
49000	0.00299138
48900	0.00294422
48800	0.00296641
48700	0.00299362
48600	0.00309956
48500	0.00372793
48400	0.00277536
48300	0.00290248
48200	0.00344633
48100	0.00398834
48000	0.00334111
47900	0.00298249
47800	0.00348081
47700	0.00315435
47600	0.00343551
47500	0.00271623
47400	0.00271388
47300	0.00270896
47200	0.00270553
47100	0.00275647
47000	0.00278873
46900	0.00270205
46800	0.00320126
46700	0.00371418
46600	0.00313343
46500	0.00361511
46400	0.00394495
46300	0.00282146
46200	0.00393467
46100	0.00284539
46000	0.00269889
45900	0.0029591
45800	0.00327168
45700	0.00257201
45600	0.00259387
45500	0.00260488
45400	0.0025622
45300	0.00255737
45200	0.0027755
45100	0.00255102
45000	0.0027937
44900	0.00422887
44800	0.00353125
44700	0.0025862
44600	0.00258361
44500	0.00257835
44400	0.00257326
44300	0.00259229
44200	0.00275993
44100	0.00275225
44000	0.00302397
43900	0.0034553
43800	0.00414187
43700	0.00388489
43600	0.0024405
43500	0.0024437
43400	0.00243206
43300	0.00247232
43200	0.0026957
43100	0.00244788
43000	0.00252989
42900	0.00267214
42800	0.00245735
42700	0.00282173
42600	0.00319851
42500	0.00366911
42400	0.00417332
42300	0.00260014
42200	0.0023398
42100	0.00256383
42000	0.00233194
41900	0.00236553
41800	0.00246312
41700	0.00240344
41600	0.00232363
41500	0.00231847
41400	0.00271399
41300	0.00345539
41200	0.00340927
41100	0.00254459
41000	0.00232525
40900	0.00241407
40800	0.00236983
40700	0.00229307
40600	0.00234882
40500	0.00247126
40300	0.00221297
40100	0.00238113
39900	0.00224591
39700	0.00224595
39600	0.0025021
39500	0.00215673
39400	0.00215213
39300	0.00226973
39200	0.00214768
39100	0.00224969
39000	0.00225563
38900	0.0030088
38800	0.00287878
38700	0.00244579
38600	0.0022103
38500	0.00208662
38400	0.00215279
38300	0.00231912
38200	0.00229178
38100	0.00207796
38000	0.00212764
37900	0.00214084
37800	0.00226013
37700	0.00204363
37600	0.002044
37500	0.00219105
37400	0.00221254
37300	0.00233833
37200	0.00254309
37100	0.00281818
37000	0.00318145
36900	0.00218327
36800	0.00243285
36700	0.00236766
36600	0.00204592
36500	0.00217052
36400	0.00203569
36300	0.00204719
36200	0.00205377
36100	0.00239516
36000	0.00210262
35900	0.0019469
35800	0.00194081
35700	0.00209517
35600	0.0023073
35500	0.00212349
35400	0.00209283
35300	0.00195732
35200	0.00203385
35100	0.00204957
35000	0.00189686
34900	0.00194576
34800	0.00190519
34700	0.00182678
34600	0.00182581
34500	0.00181894
34400	0.00181554
34300	0.0018575
34200	0.00204823
34100	0.00177464
34000	0.00181545
33900	0.00176591
33800	0.00176511
33700	0.00180796
33600	0.00175958
33500	0.0019682
33400	0.00175292
33300	0.00186195
33200	0.00172206
33100	0.00171819
33000	0.00171687
32900	0.00171358
32800	0.00170952
32700	0.0017095
32600	0.00174754
32500	0.00181931
32400	0.0019722
32300	0.00244658
32200	0.00267636
32100	0.00225612
32000	0.0018424
31900	0.00175044
31800	0.0016537
31700	0.00176026
31600	0.0016453
31500	0.00179689
31400	0.00279219
31300	0.00165307
31200	0.00160475
31100	0.00160263
31000	0.00164373
30900	0.00159796
30800	0.00176143
30700	0.00160765
30600	0.00176934
30500	0.00170023
30400	0.00164521
30300	0.00165613
30200	0.00184659
30100	0.00205448
30000	0.00153835
29900	0.0016333
29800	0.00181244
29700	0.00169837
29600	0.00268067
29500	0.00251184
29400	0.00149512
29300	0.0014934
29200	0.00148897
29100	0.00161229
29000	0.0015334
28900	0.0014792
28800	0.00174328
28700	0.0014691
28600	0.00149128
28500	0.0015542
28400	0.00149154
28300	0.00148309
28200	0.00147985
28100	0.00150625
28000	0.00153136
27900	0.00151758
27800	0.001398
27700	0.00139112
27600	0.00138874
27500	0.0013851
27400	0.00138185
27300	0.00137839
27200	0.0014422
27100	0.0016682
27000	0.00151872
26900	0.00134759
26800	0.00134518
26700	0.00135405
26600	0.00138308
26500	0.00141014
26400	0.00195932
26300	0.00149615
26200	0.00132389
26100	0.00138463
26000	0.00252248
25900	0.00204926
25800	0.00132481
25700	0.00132215
25600	0.00136817
25500	0.00131566
25400	0.00131694
25300	0.00130996
25200	0.00139229
25100	0.00124125
25000	0.00124053
24900	0.00123645
24800	0.0012323
24700	0.00122943
24600	0.00129041
24500	0.00122428
24400	0.00122053
24300	0.00145001
24200	0.00129364
24100	0.00139692
24000	0.00123804
23900	0.00126433
23800	0.00118272
23700	0.00117848
23600	0.00117743
23500	0.00117821
23400	0.00135817
23300	0.00121772
23200	0.00174682
23100	0.00123138
23000	0.00133351
22900	0.0013792
22800	0.0015108
22700	0.00153567
22600	0.00172325
22500	0.00117466
22400	0.0012617
22300	0.00132214
22200	0.00141663
22100	0.00147419
22000	0.00158372
21900	0.00166218
21800	0.00144453
21700	0.00110113
21600	0.00123805
21500	0.00104085
21400	0.00115275
21300	0.00103414
21200	0.00103046
21100	0.00108031
21000	0.00115486
20900	0.00108582
20800	0.00111053
20700	0.00109935
20600	0.00121792
20500	0.00134033
20300	0.0014893
20100	0.00173783
19900	0.00156076
19700	0.0009361
19600	0.000933455
19500	0.000929282
19400	0.000929988
19300	0.000923089
19200	0.000930642
19100	0.000998505
19000	0.00107359
18900	0.000985727
18800	0.000932788
18700	0.000887655
18600	0.00088364
18500	0.00088076
18400	0.000877124
18300	0.000874559
18200	0.000916982
18100	0.000891796
18000	0.000924785
17900	0.000840224
17800	0.000881754
17700	0.000923588
17600	0.000906109
17500	0.000830349
17400	0.000830478
17300	0.000824576
17200	0.000821709
17100	0.000932489
17000	0.000824926
16900	0.000822256
16800	0.000818529
16700	0.000834683
16600	0.000830439
16500	0.000910647
16400	0.00106002
16300	0.000910699
16200	0.000839127
16100	0.000775681
16000	0.000798623
15900	0.000768783
15800	0.000788342
15700	0.000776333
15600	0.000759192
15500	0.000795714
15400	0.000782415
15300	0.000897488
15200	0.000960071
15100	0.000958299
15000	0.000986126
14900	0.00107903
14800	0.00107226
14700	0.00107171
14600	0.0013612
14500	0.00138238
14400	0.000790743
14300	0.000692015
14200	0.000740549
14100	0.00065157
14000	0.000648917
13900	0.000646173
13800	0.00064321
13700	0.000640116
13600	0.000637332
13500	0.000736466
13400	0.000610145
13300	0.000608229
13200	0.000614352
13100	0.000601819
13000	0.000599758
12900	0.000594589
12800	0.000594591
12700	0.000590891
12600	0.000678368
12500	0.00079296
12400	0.000763391
12300	0.000755824
12200	0.000838984
12100	0.000915431
12000	0.000855263
11900	0.000851579
11800	0.00105214
11700	0.000674036
11600	0.000522394
11500	0.00052104
11400	0.000560915
11300	0.000565917
11200	0.00051102
11100	0.000508209
11000	0.000505601
10900	0.000504142
10800	0.000528474
10700	0.0007013
10600	0.000740242
10500	0.000750741
10300	0.000882215
10100	0.000512296
9900	0.000548987
9700	0.000525705
9600	0.000523977
9500	0.000521284
9400	0.000515931
9300	0.000584197
9200	0.000570491
9100	0.00056727
9000	0.000452169
8900	0.000473957
8800	0.000549284
8700	0.000717818
8600	0.000465783
8500	0.000709836
8400	0.000761747
8300	0.000399069
8200	0.000385249
8100	0.000419387
8000	0.000694658
7900	0.000654643
7800	0.000376415
7700	0.000362823
7600	0.000359487
7500	0.000358875
7400	0.000358537
7300	0.00035209
7200	0.000381166
7100	0.000315724
7000	0.00031416
6900	0.000309381
6800	0.000308152
6700	0.00030447
6600	0.000329404
6500	0.000329549
6400	0.000328336
6300	0.000321716
6200	0.000305749
6100	0.000303182
6000	0.000308242
5900	0.000522593
5800	0.000290696
5700	0.000290011
5600	0.000305063
5500	0.000302531
5300	0.000233376
5100	0.000226544
4900	0.000236301
4700	0.000234343
4600	0.00022789
4500	0.000256062
4400	0.000190725
4300	0.000188248
4200	0.000185766
4100	0.000183162
4000	0.000180833
3900	0.000180413
3800	0.000178825
3700	0.000173831
3600	0.000169231
3500	0.000145185
3400	0.000142474
3300	0.000140738
3200	0.000140084
3100	0.000136203
2900	0.000129855
2700	0.000139448
2500	0.000107628
2300	0.000124969
2200	0.000111655
2100	9.717e-05
2000	0.000105522
1900	9.0463e-05
1700	0.00013485
1500	5.9653e-05
1300	5.2379e-05
1100	4.7723e-05
900	0.000127246
1800	8.71706e-05
3000	0.0002532
5400	0.000294941
10400	0.000956227
20400	0.0013297
40400	0.00221618
80400	0.00563643
700	3.6118e-05
2800	0.000127537
5200	0.00022924
10200	0.000492752
20200	0.00150368
40200	0.00226831
80200	0.00724082
500	8.9851e-05
2600	0.000109707
5000	0.000225146
10000	0.000474221
20000	0.00193571
40000	0.00220335
80000	0.00558729
300	0.00011051
2400	0.000135553
4800	0.000232857
9800	0.000515468
19800	0.0010095
39800	0.00219473
79800	0.00553428
100	4.8338e-05
