50	2.764e-05
150	3.5438e-05
250	2.9605e-05
350	1.6298e-05
450	3.7864e-05
550	2.0078e-05
650	2.1917e-05
750	2.3908e-05
850	5.5058e-05
900	4.5959e-05
950	5.0871e-05
1000	5.268e-05
1050	5.4165e-05
1100	5.5529e-05
1150	5.6948e-05
1200	5.8619e-05
1250	6.0562e-05
1300	6.1684e-05
1350	7.89609e-05
1400	7.8023e-05
1450	8.0216e-05
1500	0.000127356
1550	8.3308e-05
1600	8.4525e-05
1650	8.6233e-05
1700	8.7854e-05
1750	8.9388e-05
1800	0.000114429
1850	0.000107059
1900	0.000109544
1950	0.000111363
2000	0.000112572
2050	0.000114234
2100	0.000116485
2150	0.000149323
2200	0.000119764
2250	0.000134282
2300	0.000139506
2350	0.000142334
2400	0.000143749
2450	0.000145143
2500	0.000147751
2550	0.000149915
2600	0.000151504
2650	0.000153515
2700	0.000174251
2750	0.000175686
2800	0.00017797
2850	0.000179476
2900	0.00018134
2950	0.00026956
3000	0.000186018
3050	0.00018791
3100	0.00020835
3150	0.00020955
3200	0.000215006
3250	0.000217107
3300	0.000219433
3350	0.000253042
3400	0.000224056
3450	0.000226249
3500	0.000228392
3550	0.000230803
3600	0.000255427
3650	0.000257442
3700	0.000259582
3750	0.000261722
3800	0.000333226
3850	0.00026659
3900	0.000268594
3950	0.000271762
4000	0.000273322
4050	0.000300369
4100	0.000331379
4150	0.000304128
4200	0.000306593
4250	0.000309515
4300	0.000312021
4350	0.000314863
4400	0.000317065
4450	0.000319751
4500	0.00034779
4550	0.000379036
4600	0.000352412
4650	0.000354729
4700	0.000358154
4750	0.000360327
4800	0.000363549
4850	0.000366643
4900	0.000368644
4950	0.000402008
5000	0.000401111
5050	0.00040438
5100	0.000407327
5150	0.000409855
5200	0.000413295
5250	0.000442882
5300	0.000418376
5350	0.000426052
5400	0.000452638
5450	0.000462675
5500	0.000463952
5550	0.000466995
5600	0.000469629
5650	0.0004723
5700	0.000476218
5750	0.00047865
5800	0.000483388
5850	0.000529739
5900	0.000516806
5950	0.000520635
6000	0.000523938
6050	0.000525837
6100	0.000530677
6150	0.000532005
6200	0.000538444
6250	0.000539867
6300	0.000570052
6350	0.000645879
6400	0.000582145
6450	0.000585405
6500	0.000590214
6550	0.000592397
6600	0.000597048
6650	0.000599178
6700	0.000601719
6750	0.000634858
6800	0.000644138
6850	0.00064706
6900	0.000650664
6950	0.000654061
7000	0.000659706
7050	0.000662478
7100	0.000666449
7150	0.000735942
7200	0.000703256
7250	0.00071226
7300	0.000715636
7350	0.000720389
7400	0.000730564
7450	0.000726373
7500	0.000729849
7550	0.000734834
7600	0.000737931
7650	0.000778967
7700	0.000782681
7750	0.000787904
7800	0.000790609
7850	0.000794671
7900	0.000798868
7950	0.000803873
8000	0.000806126
8050	0.000809886
8100	0.000853466
8150	0.000858187
8200	0.000862005
8250	0.000865782
8300	0.000870105
8350	0.000873903
8400	0.000878513
8450	0.000881361
8500	0.000885602
8550	0.000930629
8600	0.000933459
8650	0.000938848
8700	0.000944907
8750	0.000946543
8800	0.000951623
8850	0.000956578
8900	0.000961983
8950	0.00103209
9000	0.0010072
9050	0.00101506
9100	0.00101878
9150	0.00102566
9200	0.00102815
9250	0.00109907
9300	0.00103947
9350	0.00104232
9400	0.00104441
9450	0.00109381
9500	0.00109834
9550	0.00110564
9600	0.00110701
9650	0.00111086
9700	0.00111852
9750	0.00112183
9800	0.00112566
9850	0.00113201
9900	0.00118014
9950	0.0011841
10000	0.00118995
10050	0.00119515
10100	0.00119896
10150	0.00120486
10200	0.0012081
10250	0.00121516
10300	0.00121819
10350	0.00126941
10400	0.00127569
10450	0.00134694
10500	0.00128585
10550	0.00128869
10600	0.00129542
10650	0.00129906
10700	0.00130351
10750	0.00130942
10800	0.00136194
10850	0.00136579
10900	0.00137249
10950	0.00137881
11000	0.00138046
11050	0.00138788
11100	0.00146067
11150	0.00139687
11200	0.00140323
11250	0.00145736
11300	0.00146438
11350	0.0014686
11400	0.00147397
11450	0.00147966
11500	0.0014842
11550	0.00149159
11600	0.00177088
11650	0.00150398
11700	0.0015652
11750	0.00156589
11800	0.00156978
11850	0.00157844
11900	0.00158191
11950	0.00158846
12000	0.00159122
12050	0.00159902
12100	0.00160311
12150	0.00166669
12200	0.0016734
12250	0.00167317
12300	0.00167988
12350	0.00168288
12400	0.00169139
12450	0.00169544
12500	0.001704
12550	0.00170581
12600	0.00177373
12650	0.00177257
12700	0.00178107
12750	0.00178349
12800	0.00179324
12850	0.00179564
12900	0.00180401
12950	0.00180764
13000	0.00181188
13050	0.00188062
13100	0.00188099
13150	0.00188983
13200	0.00189358
13250	0.00189978
13300	0.00190609
13350	0.00197805
13400	0.00191958
13450	0.00192287
13500	0.00198556
13550	0.00199362
13600	0.00200144
13650	0.00207252
13700	0.00201256
13750	0.00202003
13800	0.00202321
13850	0.00203016
13900	0.00203547
13950	0.00210602
14000	0.00210969
14050	0.00211482
14100	0.00212128
14150	0.00212521
14200	0.00213394
14250	0.00214055
14300	0.00221218
14350	0.00215353
14400	0.00222004
14450	0.00222697
14500	0.00229885
14550	0.0022394
14600	0.00224611
14650	0.00228052
14700	0.00225868
14750	0.00226539
14800	0.00227051
14850	0.00234397
14900	0.0023485
14950	0.002353
15000	0.00242821
15050	0.00236791
15100	0.00237368
15150	0.00237981
15200	0.00239122
15250	0.00239472
15300	0.00246861
15350	0.00246936
15400	0.00248052
15450	0.00248701
15500	0.0025596
15550	0.00249678
15600	0.00250633
15650	0.00254434
15700	0.00251833
15750	0.00259569
15800	0.00259949
15850	0.00260491
15900	0.00268085
15950	0.00262154
16000	0.00262744
16050	0.00263413
16100	0.00296342
16150	0.00272763
16200	0.0027543
16250	0.0027821
16300	0.00272258
16350	0.0027294
16400	0.00273741
16450	0.00274175
16500	0.00275191
16550	0.00282608
16600	0.00276483
16650	0.002846
16700	0.00285012
16750	0.00285732
16800	0.0028637
16850	0.00287221
16900	0.00294591
16950	0.00288721
17000	0.00289392
17050	0.0029015
17100	0.0029833
17150	0.00299446
17200	0.00306611
17250	0.00303965
17300	0.00300967
17350	0.00301886
17400	0.00302638
17450	0.00310116
17500	0.00304155
17550	0.00312404
17600	0.00312871
17650	0.00313784
17700	0.00321282
17750	0.00315202
17800	0.00315944
17850	0.00316737
17900	0.00317382
17950	0.00324966
18000	0.00326771
18050	0.00327316
18100	0.00328095
18150	0.00328803
18200	0.00342714
18250	0.00330278
18300	0.00331107
18350	0.00331921
18400	0.00335676
18450	0.00342469
18500	0.00341789
18550	0.00342618
18600	0.00350082
18650	0.00344168
18700	0.0034492
18750	0.00345814
18800	0.00346563
18850	0.00354014
18900	0.00356204
18950	0.00356661
19000	0.00364344
19050	0.00358291
19100	0.00359203
19150	0.00359946
19200	0.00360796
19250	0.00368174
19300	0.00362315
19350	0.00372171
19400	0.00371903
19450	0.00372883
19500	0.00373493
19550	0.00374384
19600	0.00381966
19650	0.00376071
19700	0.00376813
19750	0.00377744
19800	0.00387671
19850	0.00387487
19900	0.00395231
19950	0.00389245
20000	0.00389951
20050	0.00390992
20100	0.00398371
20150	0.00392637
20200	0.00393506
20250	0.00403276
20300	0.00403506
20350	0.00404429
20400	0.00411809
20450	0.00406137
20500	0.00406972
20550	0.0040965
20600	0.00415348
20650	0.00409459
20700	0.00419543
20750	0.00419616
20800	0.00420516
20850	0.00428078
20900	0.00422235
20950	0.00423003
21000	0.00424113
21050	0.00431555
21100	0.00425626
21150	0.00435982
21200	0.00438814
21250	0.00443788
21300	0.00437943
21350	0.00438716
21400	0.00439749
21450	0.00447136
21500	0.00444272
21550	0.00442427
21600	0.0045279
21650	0.00459548
21700	0.00453946
21750	0.00454893
21800	0.00462358
21850	0.00457081
21900	0.00457851
21950	0.00461213
22000	0.00465896
22050	0.00470023
22100	0.00511539
22150	0.00487853
22200	0.004749
22250	0.00478232
22300	0.00483323
22350	0.00477524
22400	0.00478217
22450	0.00476579
22500	0.0049158
22550	0.00490196
22600	0.00495155
22650	0.00492365
22700	0.00490317
22750	0.00491292
22800	0.00498747
22850	0.00493238
22900	0.00493999
22950	0.00505894
23000	0.00505306
23050	0.00512886
23100	0.00560851
23150	0.00508619
23200	0.00516402
23250	0.00510814
23300	0.00511301
23350	0.00512884
23400	0.00524956
23450	0.00533381
23500	0.00525021
23550	0.00527326
23600	0.00528164
23650	0.00534651
23700	0.00528662
23750	0.00529717
23800	0.00537606
23850	0.00542524
23900	0.00542252
23950	0.00543194
24000	0.00551087
24050	0.00545191
24100	0.00546593
24150	0.00557401
24200	0.00548351
24250	0.00549271
24300	0.00561239
24350	0.00567776
24400	0.00562226
24450	0.00563032
24500	0.00571003
24550	0.0056534
24600	0.0056598
24650	0.00573807
24700	0.00568332
24750	0.00580273
24800	0.00586878
24850	0.00581079
24900	0.00582518
24950	0.00589873
25000	0.00584088
25050	0.00584999
25100	0.00593002
25150	0.00588749
25200	0.00599663
25250	0.00606147
25300	0.00600658
25350	0.00601692
25400	0.00609326
25450	0.00603638
25500	0.00611348
25550	0.00605828
25600	0.00606724
25650	0.00621939
25700	0.00619291
25750	0.00626783
25800	0.00621311
25850	0.00622435
25900	0.00630239
25950	0.00624327
26000	0.00625278
26050	0.00633213
26100	0.00643358
26150	0.00656614
26200	0.00642903
26250	0.00653571
26300	0.00645046
26350	0.00646115
26400	0.00651173
26450	0.00645625
26500	0.0065339
26550	0.00663218
26600	0.00666036
26650	0.00660605
26700	0.00668322
26750	0.00663452
26800	0.00663709
26850	0.00671711
26900	0.00665896
26950	0.00673627
27000	0.00680462
27050	0.00687038
27100	0.00681107
27150	0.00695252
27200	0.00683468
27250	0.00684598
27300	0.00695407
27350	0.00689223
27400	0.00694428
27450	0.00701526
27500	0.00701155
27550	0.00708967
27600	0.0070336
27650	0.00704397
27700	0.00712314
27750	0.00706525
27800	0.00717351
27850	0.00709044
27900	0.00722966
27950	0.00729049
28000	0.00723467
28050	0.00731192
28100	0.00725595
28150	0.00733523
28200	0.00728369
28250	0.00729255
28300	0.00737052
28350	0.00744559
28400	0.00750474
28450	0.00745309
28500	0.00753311
28550	0.00747542
28600	0.00748625
28650	0.00756576
28700	0.00750968
28750	0.00758989
28800	0.00767152
28850	0.00772682
28900	0.00766984
28950	0.00775071
29000	0.00769564
29050	0.00777309
29100	0.00771673
29150	0.0077993
29200	0.00774176
29250	0.00794699
29300	0.00793902
29350	0.00801739
29400	0.0079362
29450	0.00798498
29500	0.00792824
29550	0.00801067
29600	0.0079541
29650	0.00803312
29700	0.00815703
29750	0.00811587
29800	0.00812039
29850	0.0081985
29900	0.00817026
29950	0.00823153
30000	0.00817163
30050	0.0082492
30100	0.00820252
30150	0.00835692
30200	0.00840598
30250	0.00835236
30300	0.00843233
30350	0.00837677
30400	0.00845653
30450	0.00840009
30500	0.00847986
30550	0.00849222
30600	0.00858128
30650	0.00857374
30700	0.00865292
30750	0.00859584
30800	0.00867476
30850	0.00862296
30900	0.0086961
30950	0.00864542
31000	0.00872316
31050	0.00881282
31100	0.00887209
31150	0.00882013
31200	0.0089859
31250	0.00884346
31300	0.0089219
31350	0.00886765
31400	0.00894701
31450	0.00889862
31500	0.00906116
31550	0.00910932
31600	0.00905753
31650	0.0091355
31700	0.0090815
31750	0.00916091
31800	0.00910624
31850	0.00918753
31900	0.00913138
31950	0.00937295
32000	0.00935272
32050	0.00929836
32100	0.00937508
32150	0.00932384
32200	0.00940149
32250	0.0093482
32300	0.00942764
32350	0.00944143
32400	0.00953843
32450	0.00959633
32500	0.00960916
32550	0.00956182
32600	0.00963195
32650	0.009578
32700	0.00972369
32750	0.0096737
32800	0.00964978
32850	0.00979289
32900	0.00984277
32950	0.00978789
33000	0.00989575
33050	0.00988221
33100	0.0098288
33150	0.00990878
33200	0.00985536
33250	0.00993639
33300	0.0100424
33350	0.0100945
33400	0.0100429
33450	0.0101208
33500	0.0101351
33550	0.0100806
33600	0.0101647
33650	0.0101108
33700	0.0101906
33750	0.0102988
33800	0.0103504
33850	0.0103944
33900	0.0103102
33950	0.0103916
34000	0.0104056
34050	0.0103521
34100	0.010433
34150	0.0103799
34200	0.0106313
34250	0.010609
34300	0.0105543
34350	0.0106343
34400	0.0106508
34450	0.0105984
34500	0.0106779
34550	0.0106895
34600	0.0106373
34650	0.0108325
34700	0.0108961
34750	0.0108184
34800	0.0109636
34850	0.0109097
34900	0.0109163
34950	0.0109412
35000	0.0109781
35050	0.0108999
35100	0.0110897
35150	0.0111356
35200	0.0111482
35250	0.0110946
35300	0.0111797
35350	0.0112177
35400	0.0111418
35450	0.0112233
35500	0.0112335
35550	0.0113546
35600	0.0113357
35650	0.0114186
35700	0.0114462
35750	0.0114045
35800	0.0114591
35850	0.0114731
35900	0.011487
35950	0.0114326
36000	0.0116366
36050	0.0116379
36100	0.0116885
36150	0.0117193
36200	0.0116481
36250	0.0117593
36300	0.0122764
36350	0.0118449
36400	0.0118197
36450	0.0119125
36500	0.0119478
36550	0.0118974
36600	0.0119797
36650	0.0119922
36700	0.0119391
36750	0.0120193
36800	0.0120363
36850	0.0120492
36900	0.0121855
36950	0.012224
37000	0.0122381
37050	0.0122782
37100	0.012202
37150	0.0122822
37200	0.0122971
37250	0.0123107
37300	0.0122591
37350	0.0124598
37400	0.0125021
37450	0.012518
37500	0.0124662
37550	0.0125497
37600	0.0125887
37650	0.0125743
37700	0.0125401
37750	0.0126078
37800	0.0127468
37850	0.0127845
37900	0.012831
37950	0.0128167
38000	0.012764
38050	0.012848
38100	0.0128625
38150	0.0134373
38200	0.0130083
38250	0.0130292
38300	0.013072
38350	0.0130909
38400	0.0130387
38450	0.0131178
38500	0.0131358
38550	0.0131477
38600	0.0131635
38650	0.0131137
38700	0.0133337
38750	0.013364
38800	0.0133768
38850	0.0133264
38900	0.0134087
38950	0.0134238
39000	0.0134388
39050	0.013458
39100	0.0134023
39150	0.0136146
39200	0.0136543
39250	0.0136713
39300	0.0136843
39350	0.0136503
39400	0.0137188
39450	0.0137358
39500	0.0137506
39550	0.01379
39600	0.0139161
39650	0.0144817
39700	0.0140478
39750	0.0140398
39800	0.0140019
39850	0.0140183
39900	0.014034
39950	0.0140481
40000	0.0140643
40050	0.0142146
40100	0.0143115
40150	0.0142034
40200	0.0143381
40250	0.0143009
40300	0.0143186
40350	0.0143296
40400	0.0143493
40450	0.0143632
40500	0.0145164
40550	0.014555
40600	0.0145683
40650	0.014585
40700	0.0146021
40750	0.0145572
40800	0.0146353
40850	0.0146509
40900	0.0146677
40950	0.0148295
41000	0.0148643
41050	0.0148821
41100	0.0148292
41150	0.0149131
41200	0.0149569
41250	0.0149424
41300	0.0149596
41350	0.0149762
41400	0.015199
41450	0.0151746
41500	0.0151907
41550	0.0152032
41600	0.0152217
41650	0.0151722
41700	0.0152549
41750	0.0152984
41800	0.0152916
41850	0.01546
41900	0.0154854
41950	0.0155263
42000	0.0155188
42050	0.0155343
42100	0.0155537
42150	0.0155692
42200	0.0155857
42250	0.0156006
42300	0.0157634
42350	0.0158182
42400	0.015818
42450	0.0158616
42500	0.0158491
42550	0.0158998
42600	0.0158866
42650	0.0159028
42700	0.0159227
42750	0.016194
42800	0.0161207
42850	0.0161337
42900	0.0161559
42950	0.0162105
43000	0.0161913
43050	0.0162054
43100	0.0162207
43150	0.016241
43200	0.0164226
43250	0.0164442
43300	0.0164843
43350	0.0164795
43400	0.0164941
43450	0.0165118
43500	0.0165269
43550	0.0165721
43600	0.016562
43650	0.0167338
43700	0.0167678
43750	0.0167826
43800	0.0168898
43850	0.0168447
43900	0.0168397
43950	0.0168848
44000	0.016872
44050	0.0168881
44100	0.0171194
44150	0.017097
44200	0.0171131
44250	0.0171309
44300	0.017148
44350	0.0172364
44400	0.0172139
44450	0.0171987
44500	0.0172193
44550	0.0174073
44600	0.0174243
44650	0.0174449
44700	0.0174604
44750	0.0174827
44800	0.0174973
44850	0.0175132
44900	0.0175974
44950	0.0175525
45000	0.0177271
45050	0.0178033
45100	0.0179503
45150	0.017916
45200	0.0178456
45250	0.0178296
45300	0.0178513
45350	0.0178686
45400	0.0178843
45450	0.0181304
45500	0.0180994
45550	0.0181138
45600	0.0181434
45650	0.0181504
45700	0.0181688
45750	0.0182962
45800	0.0182652
45850	0.0182238
45900	0.0184131
45950	0.018465
46000	0.0184609
46050	0.0184794
46100	0.018491
46150	0.0195911
46200	0.0185668
46250	0.0185861
46300	0.0186039
46350	0.0187939
46400	0.0188822
46450	0.018869
46500	0.0188521
46550	0.0188706
46600	0.0189228
46650	0.0195185
46700	0.0190186
46750	0.0190439
46800	0.0191423
46850	0.0192921
46900	0.0192459
46950	0.0192037
47000	0.0192252
47050	0.0192393
47100	0.0192596
47150	0.0192788
47200	0.0193635
47250	0.019494
47300	0.0195171
47350	0.0195354
47400	0.0195585
47450	0.0195757
47500	0.0196607
47550	0.0196111
47600	0.0196339
47650	0.0196778
47700	0.0199487
47750	0.0199446
47800	0.019895
47850	0.0199141
47900	0.0199281
47950	0.0199588
48000	0.020083
48050	0.019989
48100	0.0200083
48150	0.0202254
48200	0.0202356
48250	0.0202552
48300	0.0202761
48350	0.020319
48400	0.0203763
48450	0.0203256
48500	0.0203731
48550	0.0203654
48600	0.0205831
48650	0.0205957
48700	0.0206802
48750	0.02066
48800	0.0206489
48850	0.0206715
48900	0.0212708
48950	0.0208837
49000	0.0207704
49050	0.0209424
49100	0.0210148
49150	0.021046
49200	0.0209965
49250	0.0210093
49300	0.0210302
49350	0.0211188
49400	0.021102
49450	0.0210898
49500	0.0213076
49550	0.021325
49600	0.021344
49650	0.0213662
49700	0.0214471
49750	0.021434
49800	0.0214208
49850	0.0215547
49900	0.0214593
49950	0.0217516
50000	0.0217013
50050	0.0217153
50100	0.021736
50150	0.0218169
50200	0.0217759
50250	0.021794
50300	0.0219439
50350	0.0219411
50400	0.0220582
50450	0.0220701
50500	0.0221552
50550	0.0221097
50600	0.0221276
50650	0.0222142
50700	0.0221688
50750	0.0222143
50800	0.0222718
50850	0.0224977
50900	0.0224756
50950	0.0224649
51000	0.0225593
51050	0.0225061
51100	0.0225917
51150	0.0225801
51200	0.0225685
51250	0.022653
51300	0.0228236
51350	0.0228207
51400	0.0229133
51450	0.0228657
51500	0.022954
51550	0.0229142
51600	0.022923
51650	0.0230143
51700	0.0229662
51750	0.0232117
51800	0.0232103
51850	0.0237941
51900	0.0234484
51950	0.0234074
52000	0.0233573
52050	0.0233129
52100	0.0234009
52150	0.0233541
52200	0.0235975
52250	0.0235952
52300	0.0237106
52350	0.0236352
52400	0.0237245
52450	0.0237029
52500	0.0237658
52550	0.0237158
52600	0.0237391
52650	0.0239827
52700	0.0239988
52750	0.024103
52800	0.0240262
52850	0.0245108
52900	0.0243822
52950	0.024118
53000	0.0241804
53050	0.0241331
53100	0.0243829
53150	0.0243847
53200	0.0244926
53250	0.0244185
53300	0.0245087
53350	0.0244571
53400	0.0245511
53450	0.0245032
53500	0.0245928
53550	0.0247672
53600	0.0248422
53650	0.0248103
53700	0.0249089
53750	0.0248384
53800	0.0255146
53850	0.025072
53900	0.0250534
53950	0.0249249
54000	0.025187
54050	0.0251744
54100	0.0252697
54150	0.025241
54200	0.0253033
54250	0.0252581
54300	0.0253461
54350	0.0253279
54400	0.0253904
54450	0.0255739
54500	0.0256428
54550	0.0256456
54600	0.0256833
54650	0.0257733
54700	0.0262696
54750	0.0257438
54800	0.0257759
54850	0.0257271
54900	0.0259932
54950	0.0260771
55000	0.0260066
55050	0.026096
55100	0.0260453
55150	0.0261416
55200	0.026156
55250	0.0261097
55300	0.0262014
55350	0.0264106
55400	0.0264341
55450	0.0264767
55500	0.0271196
55550	0.0265204
55600	0.0265499
55650	0.0265027
55700	0.0265848
55750	0.02654
55800	0.0268186
55850	0.0267996
55900	0.0268891
55950	0.0269345
56000	0.0268683
56050	0.0269538
56100	0.0269112
56150	0.0269982
56200	0.0270196
56250	0.0272713
56300	0.027376
56350	0.0273055
56400	0.0272596
56450	0.0273439
56500	0.0273695
56550	0.0273327
56600	0.027414
56650	0.0273678
56700	0.0276465
56750	0.0276964
56800	0.0277186
56850	0.0276761
56900	0.027766
56950	0.027789
57000	0.02774
57050	0.0278312
57100	0.027855
57150	0.0281342
57200	0.0281171
57250	0.0280801
57300	0.0282029
57350	0.0281854
57400	0.0281431
57450	0.0282954
57500	0.0282799
57550	0.028301
57600	0.0284817
57650	0.0285466
57700	0.0284957
57750	0.0285855
57800	0.0286138
57850	0.0288344
57900	0.0286152
57950	0.0287069
58000	0.0287
58050	0.0289064
58100	0.0288894
58150	0.0289457
58200	0.0289694
58250	0.0289641
58300	0.0289563
58350	0.0290375
58400	0.0290291
58450	0.0290196
58500	0.0292759
58550	0.029323
58600	0.0293466
58650	0.02937
58700	0.0294144
58750	0.0295961
58800	0.0297057
58850	0.0295756
58900	0.0295106
58950	0.0297143
59000	0.0297863
59050	0.0297761
59100	0.029773
59150	0.0298514
59200	0.0298444
59250	0.0298704
59300	0.029895
59350	0.0298938
59400	0.0301911
59450	0.030198
59500	0.0302389
59550	0.030238
59600	0.0302342
59650	0.0302844
59700	0.0303067
59750	0.0303265
59800	0.0303749
59850	0.0305861
59900	0.0306256
59950	0.0306265
60000	0.0306696
60050	0.0306977
60100	0.0307193
60150	0.0307731
60200	0.0307647
60250	0.030796
60300	0.0311104
60350	0.0310948
60400	0.0311483
60450	0.0310918
60500	0.0311431
60550	0.0311577
60600	0.031214
60650	0.0312142
60700	0.031234
60750	0.0314732
60800	0.031544
60850	0.0315397
60900	0.0316293
60950	0.0319486
61000	0.0316437
61050	0.0316611
61100	0.03169
61150	0.0321911
61200	0.0319333
61250	0.0319639
61300	0.0319811
61350	0.0319797
61400	0.0320293
61450	0.0320611
61500	0.0320827
61550	0.0321065
61600	0.0321306
61650	0.0324663
61700	0.0324047
61750	0.0324385
61800	0.0324677
61850	0.0325426
61900	0.032538
61950	0.0325372
62000	0.0325597
62050	0.032581
62100	0.0328303
62150	0.032873
62200	0.0329271
62250	0.0329429
62300	0.0329436
62350	0.0332027
62400	0.0332047
62450	0.0330503
62500	0.0330628
62550	0.0333065
62600	0.0333319
62650	0.0333624
62700	0.0333742
62750	0.0334031
62800	0.0334204
62850	0.0334469
62900	0.0334711
62950	0.0334944
63000	0.0338198
63050	0.0337882
63100	0.0338175
63150	0.0338392
63200	0.0338959
63250	0.0339821
63300	0.0339131
63350	0.0339388
63400	0.0339652
63450	0.0342186
63500	0.0342814
63550	0.0343127
63600	0.0343351
63650	0.0343504
63700	0.0348034
63750	0.0343932
63800	0.0344626
63850	0.0344338
63900	0.0346945
63950	0.0347316
64000	0.0347868
64050	0.0347645
64100	0.0348024
64150	0.0348189
64200	0.0348549
64250	0.034874
64300	0.0349285
64350	0.0352125
64400	0.0352291
64450	0.0352712
64500	0.0352805
64550	0.0352756
64600	0.0352956
64650	0.0353571
64700	0.035351
64750	0.0353737
64800	0.0356382
64850	0.0357417
64900	0.0360956
64950	0.0357587
65000	0.0357979
65050	0.0358105
65100	0.0358026
65150	0.0358211
65200	0.0358513
65250	0.0361374
65300	0.0361523
65350	0.0362322
65400	0.0362002
65450	0.0362836
65500	0.0362562
65550	0.0363013
65600	0.0363657
65650	0.0363559
65700	0.0366445
65750	0.0366313
65800	0.0366869
65850	0.0367091
65900	0.0367335
65950	0.0367375
66000	0.036763
66050	0.036801
66100	0.0368312
66150	0.0371374
66200	0.037171
66250	0.037154
66300	0.0371791
66350	0.0372519
66400	0.0372863
66450	0.0372891
66500	0.0372753
66550	0.0373362
66600	0.0375741
66650	0.0376437
66700	0.0376711
66750	0.0380032
66800	0.0379484
66850	0.037779
66900	0.037746
66950	0.0378032
67000	0.0378285
67050	0.0380808
67100	0.0381128
67150	0.0381692
67200	0.0381605
67250	0.0381911
67300	0.0382424
67350	0.0382974
67400	0.038269
67450	0.0383201
67500	0.0386197
67550	0.038629
67600	0.0386631
67650	0.0386631
67700	0.0386908
67750	0.0387389
67800	0.0387449
67850	0.0387685
67900	0.0388242
67950	0.039131
68000	0.0391699
68050	0.0391684
68100	0.0392412
68150	0.0392307
68200	0.039235
68250	0.0392488
68300	0.0392987
68350	0.0393237
68400	0.0395909
68450	0.0400619
68500	0.0396528
68550	0.0396948
68600	0.0397444
68650	0.0397209
68700	0.0398029
68750	0.039801
68800	0.0398906
68850	0.0400863
68900	0.0403564
68950	0.0402027
69000	0.040211
69050	0.0402539
69100	0.0403736
69150	0.0406387
69200	0.0403021
69250	0.0403729
69300	0.04061
69350	0.0406307
69400	0.040692
69450	0.0406884
69500	0.0407348
69550	0.0407351
69600	0.0407993
69650	0.0408533
69700	0.0408514
69750	0.0411596
69800	0.0411729
69850	0.0411958
69900	0.0412035
69950	0.041257
70000	0.0412588
70050	0.0413042
70100	0.0413161
70150	0.0413643
70200	0.041689
70250	0.0417207
70300	0.0417474
70350	0.0417586
70400	0.0417738
70450	0.0418053
70500	0.0418321
70550	0.0418313
70600	0.0419143
70650	0.0421991
70700	0.0422161
70750	0.0422439
70800	0.0422653
70850	0.0423285
70900	0.0423528
70950	0.0423559
71000	0.0424044
71050	0.0424152
71100	0.0426821
71150	0.0427342
71200	0.0433035
71250	0.0428576
71300	0.0428543
71350	0.0428269
71400	0.0429195
71450	0.0428834
71500	0.0429972
71550	0.0432134
71600	0.0433485
71650	0.0432977
71700	0.0433605
71750	0.0433276
71800	0.0438335
71850	0.0434479
71900	0.0434396
71950	0.0434703
72000	0.0437492
72050	0.0438022
72100	0.0438289
72150	0.0438589
72200	0.0439421
72250	0.0439445
72300	0.0439479
72350	0.044036
72400	0.0444408
72450	0.0442935
72500	0.0443662
72550	0.0443689
72600	0.0443675
72650	0.0444286
72700	0.0444528
72750	0.04448
72800	0.0445041
72850	0.0445696
72900	0.0448797
72950	0.0448736
73000	0.0448822
73050	0.0449306
73100	0.0449594
73150	0.0449927
73200	0.0449926
73250	0.0450532
73300	0.0451009
73350	0.0454231
73400	0.0454237
73450	0.0454737
73500	0.0454754
73550	0.0454836
73600	0.0457881
73650	0.0455913
73700	0.0455642
73750	0.0456094
73800	0.0459483
73850	0.0460153
73900	0.0460481
73950	0.0460224
74000	0.0460417
74050	0.0460739
74100	0.0461091
74150	0.0461333
74200	0.046136
74250	0.0465195
74300	0.0465105
74350	0.0465324
74400	0.0466285
74450	0.0466269
74500	0.0466228
74550	0.0466799
74600	0.0466534
74650	0.0467378
74700	0.0470472
74750	0.0470817
74800	0.0470889
74850	0.0471319
74900	0.047167
74950	0.0472331
75000	0.0472015
75050	0.0472597
75100	0.0472591
75150	0.0476075
75200	0.0476089
75250	0.0476369
75300	0.0476605
75350	0.0476938
75400	0.0477809
75450	0.0478123
75500	0.0477894
75550	0.0478452
75600	0.048153
75650	0.0481946
75700	0.0481658
75750	0.0487136
75800	0.0482524
75850	0.0483076
75900	0.0483343
75950	0.048405
76000	0.0483988
76050	0.0487037
76100	0.0487571
76150	0.0487863
76200	0.0487753
76250	0.0493677
76300	0.0488366
76350	0.0489221
76400	0.0488953
76450	0.0489536
76500	0.049271
76550	0.0494311
76600	0.0493498
76650	0.0493715
76700	0.0497777
76750	0.0495432
76800	0.0494843
76850	0.049487
76900	0.0495186
76950	0.0498215
77000	0.0500511
77050	0.049911
77100	0.0499099
77150	0.0499312
77200	0.0499681
77250	0.0500241
77300	0.0500791
77350	0.0500856
77400	0.0503988
77450	0.0505924
77500	0.0504776
77550	0.0504741
77600	0.0505287
77650	0.0505264
77700	0.0505921
77750	0.0506129
77800	0.0508776
77850	0.0509663
77900	0.0510189
77950	0.0510369
78000	0.0510371
78050	0.0510649
78100	0.0511259
78150	0.0511885
78200	0.051189
78250	0.0511894
78300	0.0515458
78350	0.0516146
78400	0.0516042
78450	0.0516105
78500	0.0516421
78550	0.0517222
78600	0.0517301
78650	0.0517598
78700	0.0517874
78750	0.0521416
78800	0.0521223
78850	0.0521776
78900	0.052184
78950	0.0522422
79000	0.052275
79050	0.0523299
79100	0.0523347
79150	0.0523627
79200	0.052696
79250	0.0526923
79300	0.0527296
79350	0.0527792
79400	0.0528134
79450	0.0528777
79500	0.052869
79550	0.0528999
79600	0.0528978
79650	0.0532842
79700	0.0532667
79750	0.0533318
79800	0.0533947
79850	0.053399
79900	0.053453
79950	0.0534511
80000	0.0534517
80050	0.0535101
80100	0.0538562
80150	0.0539039
80200	0.0539104
80250	0.053944
80300	0.0539697
80350	0.0540034
80400	0.0540029
80450	0.0540607
80500	0.0540624
80550	0.0544513
80600	0.0544673
80650	0.0545268
80700	0.0544838
80750	0.0545572
80800	0.054582
80850	0.0546137
80900	0.0546159
80950	0.0546427
81000	0.0550343
81050	0.0550262
81100	0.0551014
81150	0.055078
81200	0.0551063
81250	0.0551326
81300	0.0552018
81350	0.0552253
81400	0.0552411
81450	0.055628
81500	0.0556605
81550	0.0556355
81600	0.0556665
81650	0.0557392
81700	0.0557559
81750	0.0557421
81800	0.0558965
81850	0.0561759
81900	0.0562123
81950	0.0561911
82000	0.0564626
82050	0.0563111
82100	0.0562906
82150	0.0564017
82200	0.0574021
82250	0.056448
82300	0.0564456
82350	0.0567517
82400	0.0567725
82450	0.0568663
82500	0.0568674
82550	0.0574616
82600	0.0569781
82650	0.0569486
82700	0.056999
82750	0.0569996
82800	0.057373
82850	0.0577828
82900	0.0574533
82950	0.0575046
83000	0.0574701
83050	0.0575584
83100	0.0575589
83150	0.0576241
83200	0.0576196
83250	0.0579793
83300	0.0580062
83350	0.058032
83400	0.0580861
83450	0.0581302
83500	0.0581272
83550	0.0581843
83600	0.0581648
83650	0.0582232
83700	0.0585809
83750	0.0586317
83800	0.0586687
83850	0.0586461
83900	0.0587053
83950	0.0586994
84000	0.0588165
84050	0.0587788
84100	0.0588289
84150	0.0591994
84200	0.0591897
84250	0.059249
84300	0.0592456
84350	0.0593155
84400	0.0593171
84450	0.0594001
84500	0.0594082
84550	0.0594394
84600	0.0597913
84650	0.059844
84700	0.059813
84750	0.059928
84800	0.0599016
84850	0.0600159
84900	0.060339
84950	0.0600441
85000	0.0600457
85050	0.0603692
85100	0.0604238
85150	0.0605346
85200	0.0608804
85250	0.0605585
85300	0.060554
85350	0.0605569
85400	0.0606512
85450	0.0606497
85500	0.0610306
85550	0.0610818
85600	0.0610732
85650	0.0610782
85700	0.0611927
85750	0.0611642
85800	0.061239
85850	0.0612725
85900	0.0612918
85950	0.0616676
86000	0.061709
86050	0.0617499
86100	0.0617501
86150	0.0617902
86200	0.0618466
86250	0.0618196
86300	0.0618797
86350	0.0619122
86400	0.0623007
86450	0.0622824
86500	0.0623445
86550	0.0624082
86600	0.062403
86650	0.0626685
86700	0.0624736
86750	0.0625696
86800	0.0630001
86850	0.0629307
86900	0.0629692
86950	0.0630242
87000	0.0631259
87050	0.0632736
87100	0.0631006
87150	0.063115
87200	0.0636001
87250	0.0632252
87300	0.0635442
87350	0.0636039
87400	0.0636346
87450	0.0642844
87500	0.0637284
87550	0.0637086
87600	0.0638
87650	0.0637674
87700	0.0637966
87750	0.0642193
87800	0.06423
87850	0.0642616
87900	0.064264
87950	0.064268
88000	0.0643447
88050	0.0643736
88100	0.064402
88150	0.0644671
88200	0.064807
88250	0.0647581
88300	0.0648362
88350	0.0649304
88400	0.0648919
88450	0.0649815
88500	0.0653352
88550	0.0650343
88600	0.0650376
88650	0.065386
88700	0.0657896
88750	0.0655814
88800	0.0655523
88850	0.0656134
88900	0.0656209
88950	0.065679
89000	0.0657061
89050	0.0657427
89100	0.0661132
89150	0.0662066
89200	0.0661863
89250	0.0662141
89300	0.0662282
89350	0.0662623
89400	0.0662886
89450	0.0663392
89500	0.0663636
89550	0.0667694
89600	0.0667948
89650	0.0668056
89700	0.0668485
89750	0.0669293
89800	0.0669391
89850	0.0671839
89900	0.067159
89950	0.0670485
90000	0.0674135
90050	0.067797
90100	0.0675464
90150	0.0675084
90200	0.0675319
90250	0.0676154
90300	0.0676246
90350	0.0677841
90400	0.0677834
90450	0.068082
90500	0.0681051
90550	0.0681766
90600	0.0681516
90650	0.0681833
90700	0.0682155
90750	0.0682793
90800	0.0682766
90850	0.0683449
90900	0.0687344
90950	0.0687351
91000	0.0687864
91050	0.0688384
91100	0.0689275
91150	0.0692367
91200	0.0689717
91250	0.0689624
91300	0.0689843
91350	0.0693853
91400	0.0694236
91450	0.069464
91500	0.0694697
91550	0.0695849
91600	0.069538
91650	0.0696232
91700	0.0696004
91750	0.0697118
91800	0.0700608
91850	0.0700649
91900	0.0700786
91950	0.0700807
92000	0.0701212
92050	0.0701641
92100	0.0702197
92150	0.0702835
92200	0.0706557
92250	0.0707692
92300	0.0706654
92350	0.0709959
92400	0.0709043
92450	0.0707617
92500	0.0707861
92550	0.0708427
92600	0.0709377
92650	0.0709569
92700	0.0713059
92750	0.0713467
92800	0.071401
92850	0.0714127
92900	0.0714189
92950	0.0715164
93000	0.0715287
93050	0.0715652
93100	0.0716133
93150	0.0720232
93200	0.0720495
93250	0.0723159
93300	0.072117
93350	0.0725692
93400	0.0722551
93450	0.0722136
93500	0.0722652
93550	0.0723271
93600	0.0726931
93650	0.0727233
93700	0.0727867
93750	0.0727715
93800	0.0728874
93850	0.0728367
93900	0.0729258
93950	0.0729031
94000	0.0729408
94050	0.07339
94100	0.0734045
94150	0.0734111
94200	0.0734931
94250	0.0735584
94300	0.0738557
94350	0.073759
94400	0.073623
94450	0.0736348
94500	0.0740737
94550	0.0740518
94600	0.0741224
94650	0.0742037
94700	0.0741847
94750	0.074252
94800	0.0742556
94850	0.0742956
94900	0.0742988
94950	0.0747448
95000	0.074758
95050	0.0747593
95100	0.0748623
95150	0.0748394
95200	0.0749602
95250	0.0754861
95300	0.0750326
95350	0.0749864
95400	0.0754342
95450	0.0754507
95500	0.0759156
95550	0.075882
95600	0.0755519
95650	0.0756309
95700	0.0756422
95750	0.0756399
95800	0.075688
95850	0.0761763
95900	0.0762485
95950	0.0761786
96000	0.0762223
96050	0.0762852
96100	0.0766635
96150	0.0763848
96200	0.076399
96250	0.0763724
96300	0.0768943
96350	0.0768035
96400	0.0769414
96450	0.0768974
96500	0.0769512
96550	0.0769683
96600	0.0769775
96650	0.0770755
96700	0.0770875
96750	0.077506
96800	0.0775214
96850	0.0775889
96900	0.0776048
96950	0.0780751
97000	0.0778509
97050	0.0777161
97100	0.0777806
97150	0.0778268
97200	0.078202
97250	0.0782849
97300	0.0782924
97350	0.0783048
97400	0.0783372
97450	0.0783686
97500	0.0783871
97550	0.0784679
97600	0.0784946
97650	0.0789336
97700	0.0789418
97750	0.0792988
97800	0.079194
97850	0.0790759
97900	0.0790841
97950	0.0791963
98000	0.0791588
98050	0.0792474
98100	0.0796345
98150	0.0796721
98200	0.0796427
98250	0.0797364
98300	0.0797435
98350	0.0798168
98400	0.0798338
98450	0.0801528
98500	0.0801221
98550	0.0803304
98600	0.0803903
98650	0.0803853
98700	0.0804867
98750	0.080495
98800	0.0805343
98850	0.0805804
98900	0.0805813
98950	0.080646
99000	0.0810554
99050	0.0810733
99100	0.081136
99150	0.0813808
99200	0.0812515
99250	0.0816319
99300	0.0812967
99350	0.0813191
99400	0.0813898
99450	0.0817773
99500	0.0818108
99550	0.0818797
99600	0.0818704
99650	0.0819082
99700	0.0819418
99750	0.0819457
99800	0.0820506
99850	0.082076
99900	0.0825116
99950	0.082914
100000	0.0826412
100050	0.0826143
100100	0.082664
100150	0.0827437
100200	0.0826953
100250	0.0827814
100300	0.0827747
100350	0.083262
100400	0.0832589
100450	0.0832766
100500	0.0833652
100550	0.0833817
100600	0.0836995
100650	0.0835703
100700	0.0834575
100750	0.0834863
100800	0.0839421
100850	0.0840725
100900	0.0839831
100950	0.0840997
101000	0.0840718
101050	0.0841384
101100	0.0841485
101150	0.0842221
101200	0.0842786
101250	0.0847036
101300	0.085828
101350	0.0848155
101400	0.0847825
101450	0.0848911
101500	0.0849033
101550	0.0849439
101600	0.0849196
101650	0.0849624
101700	0.085421
101750	0.0854287
101800	0.0856989
101850	0.0855245
101900	0.0858724
101950	0.0857568
102000	0.0856654
102050	0.0856896
102100	0.0857598
102150	0.0861705
102200	0.0862643
102250	0.0862041
102300	0.0862494
102350	0.0862906
102400	0.0863818
102450	0.0863521
102500	0.0864279
102550	0.0870452
102600	0.086908
102650	0.0869296
102700	0.0869824
102750	0.0870182
102800	0.0871235
102850	0.0870662
102900	0.0871143
102950	0.0871354
103000	0.0872351
103050	0.087695
103100	0.0877073
103150	0.0881266
103200	0.0878297
103250	0.0878148
103300	0.0879002
103350	0.0884246
103400	0.0880079
103450	0.0879333
103500	0.0884511
103550	0.088424
103600	0.088437
103650	0.0885324
103700	0.0885544
103750	0.0889895
103800	0.0886784
103850	0.0886774
103900	0.0887375
103950	0.0891647
104000	0.0892438
104050	0.0892203
104100	0.089257
104150	0.0892995
104200	0.089352
104250	0.089436
104300	0.0898588
104350	0.0894782
104400	0.089931
104450	0.0899266
104500	0.090005
104550	0.0900522
104600	0.0900782
104650	0.0900638
104700	0.0901336
104750	0.0902238
104800	0.0901816
104850	0.0907259
104900	0.0908855
104950	0.0907466
105000	0.0907833
105050	0.0908334
105100	0.0909069
105150	0.0908856
105200	0.0909369
105250	0.0909749
105300	0.0914436
105350	0.0914604
105400	0.0919221
105450	0.0916141
105500	0.091545
105550	0.0916849
105600	0.0916398
105650	0.091753
105700	0.0917099
105750	0.0921917
105800	0.0922179
105850	0.09227
105900	0.0922977
105950	0.0928153
106000	0.0923949
106050	0.0924433
106100	0.0924906
106150	0.0924931
106200	0.0929691
106250	0.0929937
106300	0.0930588
106350	0.0930991
106400	0.0930796
106450	0.0934244
106500	0.0934262
106550	0.093246
106600	0.0932763
106650	0.093738
106700	0.093972
106750	0.0937807
106800	0.0938735
106850	0.093879
106900	0.0941175
106950	0.0939878
107000	0.0944078
107050	0.0940525
107100	0.0945913
107150	0.0946067
107200	0.0948461
107250	0.0945885
107300	0.0946517
107350	0.0947251
107400	0.0947303
107450	0.0948032
107500	0.0953748
107550	0.0952908
107600	0.0953593
107650	0.0953694
107700	0.0954399
107750	0.0954135
107800	0.0954598
107850	0.0955361
107900	0.0955556
107950	0.0956148
108000	0.0961103
108050	0.0961559
108100	0.0962015
108150	0.0962093
108200	0.0962507
108250	0.0962589
108300	0.0963105
108350	0.0963749
108400	0.096398
108450	0.0969028
108500	0.0969317
108550	0.0969293
108600	0.0970345
108650	0.0970087
108700	0.097071
108750	0.0970895
108800	0.0971393
108850	0.0972246
108900	0.097653
108950	0.0981104
109000	0.0977561
109050	0.0977848
109100	0.097849
109150	0.097848
109200	0.0978894
109250	0.0978909
109300	0.0979616
109350	0.0984615
109400	0.0988561
109450	0.0985365
109500	0.0985403
109550	0.098908
109600	0.0989463
109650	0.0987274
109700	0.0987199
109750	0.0987584
109800	0.0993134
109850	0.0996579
109900	0.0996032
109950	0.0993659
110000	0.0994869
110050	0.099952
110100	0.0995107
110150	0.0994988
110200	0.0995377
110250	0.10004
110300	0.100445
110350	0.100137
110400	0.10015
110450	0.100242
110500	0.100239
110550	0.100289
110600	0.100301
110650	0.100332
110700	0.100846
110750	0.10125
110800	0.100956
110850	0.100934
110900	0.101081
110950	0.101032
111000	0.101086
111050	0.101088
111100	0.101131
111150	0.101693
111200	0.102191
111250	0.101707
111300	0.101736
111350	0.101829
111400	0.101848
111450	0.101881
111500	0.101908
111550	0.101948
111600	0.102491
111650	0.102551
111700	0.102521
111750	0.102639
111800	0.102573
111850	0.102684
111900	0.102664
111950	0.102711
112000	0.102836
112050	0.103301
112100	0.103273
112150	0.103365
112200	0.103362
112250	0.103446
112300	0.103464
112350	0.103468
112400	0.103517
112450	0.103579
112500	0.104114
112550	0.104138
112600	0.104164
112650	0.104182
112700	0.104212
112750	0.104249
112800	0.104286
112850	0.104353
112900	0.104487
112950	0.104922
113000	0.10496
113050	0.104986
113100	0.104989
113150	0.10501
113200	0.105072
113250	0.105159
113300	0.105157
113350	0.105769
113400	0.105705
113450	0.105736
113500	0.105775
113550	0.105813
113600	0.105823
113650	0.106127
113700	0.106193
113750	0.106248
113800	0.106038
113850	0.106521
113900	0.106567
113950	0.10659
114000	0.106615
114050	0.106703
114100	0.107073
114150	0.106888
114200	0.106814
114250	0.106885
114300	0.107347
114350	0.107335
114400	0.107438
114450	0.107448
114500	0.107913
114550	0.107609
114600	0.107572
114650	0.107716
114700	0.107672
114750	0.108174
114800	0.10823
114850	0.108489
114900	0.10862
114950	0.108341
115000	0.108449
115050	0.108404
115100	0.108509
115150	0.108496
115200	0.109036
115250	0.111245
115300	0.109178
115350	0.109146
115400	0.109419
115450	0.10956
115500	0.109287
115550	0.109321
115600	0.109336
115650	0.109925
115700	0.109895
115750	0.109984
115800	0.11052
115850	0.110025
115900	0.110049
115950	0.110104
116000	0.110188
116050	0.110528
116100	0.110703
116150	0.110728
116200	0.110738
116250	0.110806
116300	0.110911
116350	0.110886
116400	0.111322
116450	0.111065
116500	0.111021
116550	0.11155
116600	0.111527
116650	0.111673
116700	0.111694
116750	0.112102
116800	0.111812
116850	0.111871
116900	0.111852
116950	0.11188
117000	0.112384
117050	0.112414
117100	0.112927
117150	0.112573
117200	0.112554
117250	0.112661
117300	0.112684
117350	0.112711
117400	0.112681
117450	0.11327
117500	0.113298
117550	0.113486
117600	0.113383
117650	0.113433
117700	0.113459
117750	0.113496
117800	0.113828
117850	0.113828
117900	0.1141
117950	0.114109
118000	0.114185
118050	0.114182
118100	0.114253
118150	0.114311
118200	0.114854
118250	0.114433
118300	0.114453
118350	0.114953
118400	0.114947
118450	0.115015
118500	0.11544
118550	0.115319
118600	0.115168
118650	0.115237
118700	0.115282
118750	0.115258
118800	0.115792
118850	0.116402
118900	0.115873
118950	0.115974
119000	0.116005
119050	0.116005
119100	0.116031
119150	0.116108
119200	0.116158
119250	0.116723
119300	0.116699
119350	0.116767
119400	0.116758
119450	0.116828
119500	0.116878
119550	0.117256
119600	0.117044
119650	0.117011
119700	0.117544
119750	0.117557
119800	0.11764
119850	0.118004
119900	0.117817
119950	0.117752
120000	0.117841
120050	0.117864
120100	0.117875
120150	0.118426
120200	0.118486
120250	0.118458
120300	0.118587
120350	0.118584
120400	0.118615
120450	0.118633
120500	0.118701
120550	0.118751
120600	0.119313
120650	0.120073
120700	0.11936
120750	0.119409
120800	0.119441
120850	0.119694
120900	0.119855
120950	0.11957
121000	0.119689
121050	0.120239
121100	0.120193
121150	0.120615
121200	0.120337
121250	0.120323
121300	0.120388
121350	0.120405
121400	0.120524
121450	0.120488
121500	0.121072
121550	0.121096
121600	0.121127
121650	0.121164
121700	0.121155
121750	0.121248
121800	0.121297
121850	0.121701
121900	0.121385
121950	0.121896
122000	0.121917
122050	0.122021
122100	0.122425
122150	0.122116
122200	0.122184
122250	0.122187
122300	0.122208
122350	0.122309
122400	0.122818
122450	0.122796
122500	0.122941
122550	0.122903
122600	0.122983
122650	0.122994
122700	0.123057
122750	0.123117
122800	0.123628
122850	0.123674
122900	0.123731
122950	0.123749
123000	0.123786
123050	0.124344
123100	0.123933
123150	0.12402
123200	0.123931
123250	0.124079
123300	0.124608
123350	0.124632
123400	0.124678
123450	0.124713
123500	0.12472
123550	0.124793
123600	0.124853
123650	0.124965
123700	0.125242
123750	0.125453
123800	0.125482
123850	0.125572
123900	0.125549
123950	0.12602
124000	0.125693
124050	0.125888
124100	0.125756
124150	0.125853
124200	0.126376
124250	0.126436
124300	0.126519
124350	0.126496
124400	0.126519
124450	0.126555
124500	0.126661
124550	0.126664
124600	0.127152
124650	0.127269
124700	0.127271
124750	0.127359
124800	0.127663
124850	0.127619
124900	0.127473
124950	0.127559
125000	0.12759
125050	0.12764
125100	0.128224
125150	0.128265
125200	0.128196
125250	0.128291
125300	0.128349
125350	0.128395
125400	0.128456
125450	0.12895
125500	0.128545
125550	0.129119
125600	0.12913
125650	0.129487
125700	0.129296
125750	0.129257
125800	0.129288
125850	0.129778
125900	0.129588
125950	0.129389
126000	0.130047
126050	0.130006
126100	0.130038
126150	0.130094
126200	0.130153
126250	0.130497
126300	0.130376
126350	0.130312
126400	0.130387
126450	0.130867
126500	0.132028
126550	0.130997
126600	0.131098
126650	0.131084
126700	0.131084
126750	0.131143
126800	0.131238
126850	0.131634
126900	0.131812
126950	0.131794
127000	0.131902
127050	0.132166
127100	0.132219
127150	0.13208
127200	0.132104
127250	0.132112
127300	0.132187
127350	0.13276
127400	0.132787
127450	0.132813
127500	0.132851
127550	0.132865
127600	0.132922
127650	0.133523
127700	0.133099
127750	0.133163
127800	0.133631
127850	0.134244
127900	0.133765
127950	0.133832
128000	0.133831
128050	0.133835
128100	0.133925
128150	0.133995
128200	0.134027
128250	0.134597
128300	0.134567
128350	0.134666
128400	0.135024
128450	0.134913
128500	0.134836
128550	0.134871
128600	0.134898
128650	0.134929
128700	0.135531
128750	0.135527
128800	0.135546
128850	0.135612
128900	0.135665
128950	0.135694
129000	0.136289
129050	0.135903
129100	0.135894
129150	0.136463
129200	0.136536
129250	0.136504
129300	0.13659
129350	0.13659
129400	0.136643
129450	0.136759
129500	0.136729
129550	0.137229
129600	0.13735
129650	0.137419
129700	0.137869
129750	0.137553
129800	0.137656
129850	0.137598
129900	0.137595
129950	0.137678
130000	0.137737
130050	0.138323
130100	0.139039
130150	0.138378
130200	0.138636
130250	0.138869
130300	0.13856
130350	0.138654
130400	0.13862
130450	0.139272
130500	0.139324
130550	0.139268
130600	0.139324
130650	0.139373
130700	0.139453
130750	0.139765
130800	0.139608
130850	0.139627
130900	0.139642
130950	0.14023
131000	0.140229
131050	0.140376
131100	0.140317
131150	0.140383
131200	0.140378
131250	0.14048
131300	0.141036
131350	0.140553
131400	0.141107
131450	0.141687
131500	0.141254
131550	0.14134
131600	0.141288
131650	0.141337
131700	0.141387
131750	0.14148
131800	0.141916
131850	0.142081
131900	0.142154
131950	0.142517
132000	0.142258
132050	0.142277
132100	0.142344
132150	0.142375
132200	0.142364
132250	0.142456
132300	0.143072
132350	0.142986
132400	0.143138
132450	0.143556
132500	0.143283
132550	0.143289
132600	0.143315
132650	0.14338
132700	0.143361
132750	0.144016
132800	0.144013
132850	0.144023
132900	0.144342
132950	0.144621
133000	0.144266
133050	0.144335
133100	0.144339
133150	0.144346
133200	0.144985
133250	0.144986
133300	0.145022
133350	0.145247
133400	0.1452
133450	0.14554
133500	0.145275
133550	0.145317
133600	0.145322
133650	0.145938
133700	0.145931
133750	0.145999
133800	0.14604
133850	0.146117
133900	0.146485
133950	0.146228
134000	0.146295
134050	0.146293
134100	0.146895
134150	0.14698
134200	0.146979
134250	0.14703
134300	0.14704
134350	0.147094
134400	0.147683
134450	0.147387
134500	0.14732
134550	0.14795
134600	0.147939
134650	0.147901
134700	0.148361
134750	0.148204
134800	0.148126
134850	0.148522
134900	0.14822
134950	0.148259
135000	0.14885
135050	0.148908
135100	0.148905
135150	0.148921
135200	0.149025
135250	0.149046
135300	0.149618
135350	0.149176
135400	0.149262
135450	0.149811
135500	0.14987
135550	0.149913
135600	0.149897
135650	0.150005
135700	0.150071
135750	0.15046
135800	0.150183
135850	0.150234
135900	0.150792
135950	0.150904
136000	0.151127
136050	0.150864
136100	0.15097
136150	0.150999
136200	0.152133
136250	0.15118
136300	0.151224
136350	0.15177
136400	0.15184
136450	0.151818
136500	0.151846
136550	0.151953
136600	0.152064
136650	0.152492
136700	0.152133
136750	0.152165
136800	0.152764
136850	0.152785
136900	0.152829
136950	0.152849
137000	0.152977
137050	0.153254
137100	0.153239
137150	0.153144
137200	0.153119
137250	0.153752
137300	0.153749
137350	0.153767
137400	0.15419
137450	0.153988
137500	0.154324
137550	0.154019
137600	0.154115
137650	0.154103
137700	0.154735
137750	0.154762
137800	0.154778
137850	0.155094
137900	0.155348
137950	0.154962
138000	0.155071
138050	0.155046
138100	0.15508
138150	0.155728
138200	0.155727
138250	0.155966
138300	0.156044
138350	0.156287
138400	0.156059
138450	0.156017
138500	0.156037
138550	0.156822
138600	0.156776
138650	0.157202
138700	0.156825
138750	0.157347
138800	0.156913
138850	0.156986
138900	0.156983
138950	0.157048
139000	0.157099
139050	0.157731
139100	0.157751
139150	0.158204
139200	0.157846
139250	0.15793
139300	0.157925
139350	0.158161
139400	0.158279
139450	0.158561
139500	0.158727
139550	0.159402
139600	0.158845
139650	0.158859
139700	0.158891
139750	0.158971
139800	0.159007
139850	0.159509
139900	0.159109
139950	0.159751
140000	0.159851
140050	0.15978
140100	0.159868
140150	0.1599
140200	0.159966
140250	0.160717
140300	0.160087
140350	0.160157
140400	0.160754
140450	0.160736
140500	0.160763
140550	0.160883
140600	0.161223
140650	0.161172
140700	0.161122
140750	0.161059
140800	0.161097
140850	0.161767
140900	0.161725
140950	0.161827
141000	0.162405
141050	0.161985
141100	0.162024
141150	0.162021
141200	0.162108
141250	0.162155
141300	0.162792
141350	0.163181
141400	0.162987
141450	0.162985
141500	0.16295
141550	0.16297
141600	0.163069
141650	0.1631
141700	0.163821
141750	0.163832
141800	0.163882
141850	0.163883
141900	0.16388
141950	0.163956
142000	0.164378
142050	0.164632
142100	0.164112
142150	0.164248
142200	0.164919
142250	0.164831
142300	0.165253
142350	0.165009
142400	0.165397
142450	0.165041
142500	0.165225
142550	0.165156
142600	0.165234
142650	0.165882
142700	0.165865
142750	0.166357
142800	0.165979
142850	0.166136
142900	0.166075
142950	0.166158
143000	0.166154
143050	0.166679
143100	0.166901
143150	0.166886
143200	0.166954
143250	0.166998
143300	0.167068
143350	0.167129
143400	0.167677
143450	0.167221
143500	0.167325
143550	0.16794
143600	0.167883
143650	0.167958
143700	0.168006
143750	0.168753
143800	0.168138
143850	0.168271
143900	0.168232
143950	0.168294
144000	0.168966
144050	0.169004
144100	0.169513
144150	0.169084
144200	0.169166
144250	0.169152
144300	0.169238
144350	0.169312
144400	0.169993
144450	0.17004
144500	0.170065
144550	0.170052
144600	0.170079
144650	0.170161
144700	0.170645
144750	0.170301
144800	0.17039
144850	0.170364
144900	0.171053
144950	0.171032
145000	0.171102
145050	0.171776
145100	0.171203
145150	0.171344
145200	0.171315
145250	0.171509
145300	0.171505
145350	0.172139
145400	0.17215
145450	0.172227
145500	0.172172
145550	0.172262
145600	0.172375
145650	0.173029
145700	0.172463
145750	0.172533
145800	0.173177
145850	0.17306
145900	0.173752
145950	0.173526
146000	0.173495
146050	0.173457
146100	0.173393
146150	0.173468
146200	0.174568
146250	0.174181
146300	0.174848
146350	0.174257
146400	0.174346
146450	0.174282
146500	0.174606
146550	0.174901
146600	0.174724
146650	0.17463
146700	0.175253
146750	0.175179
146800	0.175339
146850	0.175327
146900	0.17605
146950	0.1755
147000	0.175505
147050	0.175506
147100	0.175691
147150	0.176293
147200	0.176803
147250	0.176408
147300	0.176401
147350	0.176413
147400	0.176854
147450	0.177032
147500	0.176638
147550	0.176747
147600	0.177367
147650	0.17732
147700	0.177455
147750	0.178033
147800	0.177526
147850	0.177653
147900	0.177617
147950	0.177693
148000	0.177751
148050	0.178482
148100	0.178414
148150	0.1785
148200	0.178524
148250	0.178561
148300	0.178698
148350	0.179187
148400	0.178842
148450	0.178814
148500	0.179765
148550	0.179739
148600	0.180014
148650	0.179603
148700	0.179721
148750	0.17973
148800	0.179719
148850	0.179866
148900	0.180345
148950	0.180558
149000	0.18085
149050	0.180575
149100	0.180688
149150	0.181015
149200	0.181085
149250	0.180902
149300	0.180876
149350	0.180874
149400	0.18175
149450	0.182265
149500	0.181707
149550	0.181833
149600	0.181758
149650	0.181863
149700	0.182018
149750	0.1825
149800	0.182095
149850	0.182736
149900	0.182673
149950	0.182762
150000	0.183404
150050	0.18289
150100	0.182994
150150	0.18292
150200	0.183061
150250	0.183584
150300	0.183801
150350	0.183865
150400	0.18383
150450	0.183831
150500	0.184118
150550	0.184544
150600	0.184162
150650	0.184106
150700	0.184132
150750	0.184901
150800	0.185488
150850	0.184934
150900	0.18505
150950	0.18498
151000	0.185077
151050	0.18575
151100	0.185237
151150	0.185325
151200	0.18597
151250	0.18595
151300	0.186264
151350	0.186372
151400	0.186223
151450	0.186197
151500	0.186186
151550	0.18634
151600	0.186865
151650	0.187049
151700	0.18702
151750	0.187036
151800	0.187187
151850	0.187926
151900	0.187303
151950	0.187371
152000	0.187318
152050	0.187447
152100	0.188239
152150	0.188131
152200	0.188263
152250	0.188165
152300	0.188519
152350	0.188845
152400	0.188407
152450	0.188594
152500	0.18854
152550	0.189314
152600	0.189837
152650	0.189257
152700	0.189431
152750	0.189348
152800	0.189477
152850	0.190447
152900	0.189608
152950	0.189699
153000	0.190317
153050	0.190332
153100	0.190919
153150	0.190408
153200	0.190627
153250	0.190521
153300	0.190647
153350	0.19109
153400	0.190776
153450	0.19144
153500	0.191401
153550	0.191476
153600	0.192055
153650	0.191566
153700	0.191748
153750	0.191686
153800	0.191797
153850	0.192272
153900	0.19256
153950	0.192573
154000	0.192547
154050	0.192708
154100	0.193165
154150	0.19281
154200	0.192871
154250	0.192867
154300	0.193004
154350	0.193673
154400	0.193727
154450	0.193696
154500	0.193748
154550	0.194221
154600	0.193991
154650	0.193985
154700	0.194001
154750	0.194022
154800	0.194832
154850	0.194796
154900	0.194859
154950	0.194869
155000	0.194924
155050	0.195549
155100	0.195037
155150	0.195168
155200	0.195172
155250	0.196152
155300	0.196227
155350	0.196432
155400	0.196337
155450	0.196409
155500	0.197275
155550	0.196578
155600	0.196687
155650	0.19663
155700	0.197356
155750	0.197533
155800	0.197141
155850	0.19708
155900	0.19716
155950	0.197356
156000	0.198124
156050	0.197393
156100	0.197434
156150	0.198109
156200	0.198686
156250	0.198243
156300	0.198292
156350	0.198254
156400	0.198426
156450	0.198961
156500	0.19852
156550	0.198548
156600	0.199259
156650	0.199748
156700	0.19936
156750	0.199396
156800	0.199398
156850	0.199503
156900	0.200228
156950	0.199653
157000	0.199689
157050	0.200423
157100	0.200844
157150	0.200471
157200	0.200568
157250	0.200521
157300	0.200672
157350	0.201183
157400	0.200781
157450	0.200851
157500	0.201505
157550	0.202072
157600	0.201633
157650	0.202005
157700	0.201645
157750	0.201785
157800	0.202405
157850	0.201924
157900	0.201967
157950	0.202664
158000	0.203248
158050	0.20278
158100	0.20275
158150	0.202781
158200	0.203609
158250	0.203406
158300	0.203614
158350	0.203183
158400	0.203826
158450	0.203777
158500	0.203945
158550	0.203843
158600	0.203981
158650	0.204569
158700	0.204046
158750	0.204217
158800	0.204189
158850	0.205118
158900	0.204999
158950	0.205002
159000	0.205001
159050	0.20515
159100	0.205697
159150	0.205236
159200	0.205337
159250	0.205288
159300	0.206141
159350	0.206167
159400	0.206082
159450	0.206175
159500	0.206812
159550	0.206313
159600	0.206438
159650	0.206377
159700	0.206494
159750	0.207269
159800	0.207188
159850	0.207312
159900	0.207855
159950	0.207421
160000	0.207575
160050	0.207501
160100	0.207562
160150	0.208111
160200	0.20837
160250	0.208305
160300	0.208466
160350	0.208979
160400	0.208596
160450	0.208631
160500	0.208716
160550	0.209372
160600	0.209011
160650	0.209544
160700	0.209579
160750	0.210109
160800	0.209674
160850	0.209739
160900	0.209686
160950	0.210276
161000	0.209973
161050	0.210067
161100	0.210662
161150	0.211133
161200	0.210795
161250	0.210819
161300	0.210791
161350	0.211844
161400	0.211043
161450	0.211131
161500	0.211104
161550	0.211918
161600	0.211834
161650	0.211926
161700	0.211936
161750	0.212536
161800	0.21256
161850	0.212228
161900	0.21216
161950	0.212265
162000	0.213092
162050	0.212983
162100	0.213042
162150	0.213693
162200	0.213208
162250	0.213323
162300	0.213258
162350	0.21343
162400	0.213969
162450	0.214168
162500	0.21415
162550	0.214745
162600	0.214341
162650	0.214399
162700	0.214366
162750	0.21493
162800	0.21472
162850	0.214704
162900	0.215369
162950	0.215401
163000	0.215519
163050	0.215442
163100	0.215492
163150	0.216103
163200	0.21576
163250	0.215739
163300	0.215752
163350	0.216577
163400	0.216534
163450	0.216545
163500	0.216969
163550	0.216985
163600	0.216844
163650	0.216846
163700	0.216897
163750	0.217453
163800	0.217677
163850	0.21772
163900	0.21833
163950	0.217894
164000	0.217899
164050	0.217939
164100	0.218336
164150	0.218291
164200	0.218179
164250	0.218916
164300	0.218928
164350	0.219035
164400	0.218949
164450	0.219345
164500	0.220221
164550	0.219213
164600	0.219261
164650	0.219333
164700	0.220174
164750	0.219999
164800	0.220095
164850	0.220739
164900	0.220304
164950	0.220333
165000	0.220339
165050	0.220816
165100	0.220654
165150	0.221263
165200	0.222207
165250	0.221369
165300	0.221387
165350	0.221398
165400	0.221565
165450	0.222185
165500	0.221623
165550	0.221747
165600	0.222515
165650	0.222478
165700	0.222448
165750	0.222705
165800	0.223181
165850	0.22278
165900	0.222732
165950	0.222782
166000	0.223491
166050	0.223622
166100	0.224079
166150	0.223769
166200	0.223841
166250	0.223788
166300	0.223847
166350	0.224489
166400	0.224091
166450	0.224076
166500	0.224909
166550	0.224905
166600	0.224831
166650	0.226407
166700	0.226783
166750	0.225093
166800	0.22516
166850	0.225415
166900	0.225784
166950	0.226028
167000	0.226579
167050	0.226138
167100	0.226204
167150	0.22621
167200	0.226281
167250	0.227399
167300	0.226492
167350	0.226524
167400	0.227382
167450	0.227229
167500	0.227248
167550	0.227974
167600	0.22753
167650	0.227559
167700	0.227538
167750	0.227569
167800	0.228244
167850	0.228416
167900	0.229028
167950	0.228617
168000	0.228571
168050	0.228567
168100	0.229294
168150	0.228835
168200	0.2289
168250	0.228802
168300	0.229699
168350	0.229607
168400	0.229911
168450	0.230256
168500	0.229906
168550	0.229917
168600	0.229936
168650	0.230514
168700	0.230202
168750	0.230886
168800	0.230875
168850	0.230982
168900	0.230933
168950	0.231546
169000	0.231122
169050	0.231219
169100	0.231212
169150	0.231288
169200	0.232113
169250	0.232062
169300	0.232945
169350	0.232251
169400	0.232268
169450	0.232523
169500	0.232908
169550	0.232482
169600	0.232533
169650	0.233315
169700	0.233324
169750	0.233333
169800	0.233896
169850	0.234059
169900	0.233596
169950	0.233578
170000	0.234253
170050	0.234335
170100	0.23461
170150	0.234565
170200	0.23457
170250	0.234602
170300	0.235221
170350	0.234861
170400	0.234886
170450	0.234897
170500	0.235154
170550	0.23575
170600	0.236252
170650	0.235873
170700	0.235908
170750	0.23593
170800	0.235984
170850	0.236594
170900	0.236118
170950	0.23621
171000	0.237001
171050	0.236958
171100	0.237487
171150	0.237666
171200	0.237242
171250	0.237226
171300	0.237264
171350	0.237881
171400	0.237451
171450	0.238236
171500	0.238283
171550	0.23828
171600	0.238434
171650	0.238791
171700	0.238517
171750	0.23881
171800	0.2386
171850	0.239157
171900	0.239484
171950	0.239493
172000	0.239551
172050	0.239509
172100	0.240114
172150	0.239693
172200	0.239818
172250	0.23984
172300	0.239917
172350	0.240747
172400	0.241263
172450	0.241366
172500	0.240827
172550	0.241062
172600	0.241553
172650	0.241783
172700	0.241093
172750	0.241048
172800	0.241968
172850	0.241962
172900	0.242549
172950	0.242074
173000	0.24212
173050	0.242126
173100	0.242928
173150	0.242312
173200	0.242384
173250	0.243202
173300	0.243129
173350	0.243719
173400	0.243276
173450	0.243406
173500	0.243409
173550	0.243925
173600	0.243594
173650	0.24364
173700	0.244416
173750	0.24438
173800	0.244454
173850	0.245118
173900	0.244613
173950	0.244635
174000	0.244723
174050	0.245318
174100	0.24486
174150	0.245683
174200	0.24566
174250	0.24569
174300	0.246304
174350	0.245924
174400	0.24593
174450	0.245946
174500	0.246569
174550	0.24623
174600	0.246913
174650	0.246967
174700	0.246933
174750	0.247467
174800	0.247217
174850	0.247238
174900	0.247199
174950	0.247702
175000	0.247508
175050	0.248351
175100	0.24821
175150	0.248205
175200	0.248275
175250	0.248897
175300	0.248482
175350	0.248468
175400	0.248595
175450	0.249169
175500	0.249474
175550	0.249694
175600	0.249623
175650	0.249545
175700	0.250144
175750	0.249792
175800	0.24972
175850	0.249783
175900	0.250539
175950	0.250749
176000	0.250734
176050	0.250718
176100	0.250794
176150	0.251587
176200	0.251019
176250	0.250967
176300	0.251107
176350	0.251738
176400	0.251985
176450	0.252048
176500	0.25197
176550	0.252543
176600	0.252279
176650	0.252641
176700	0.252251
176750	0.253251
176800	0.252422
176850	0.253258
176900	0.253229
176950	0.253275
177000	0.253862
177050	0.253459
177100	0.253514
177150	0.253558
177200	0.254107
177250	0.253721
177300	0.25461
177350	0.254513
177400	0.254505
177450	0.255084
177500	0.255331
177550	0.254772
177600	0.254789
177650	0.255551
177700	0.255041
177750	0.255806
177800	0.255751
177850	0.256373
177900	0.256061
177950	0.256021
178000	0.25602
178050	0.256784
178100	0.256298
178150	0.256257
178200	0.257084
178250	0.257046
178300	0.257672
178350	0.257256
178400	0.257256
178450	0.257288
178500	0.258064
178550	0.257507
178600	0.257572
178650	0.258396
178700	0.258966
178750	0.258495
178800	0.258421
178850	0.258564
178900	0.259101
178950	0.258713
179000	0.258691
179050	0.258826
179100	0.259661
179150	0.260163
179200	0.25971
179250	0.25973
179300	0.260396
179350	0.259997
179400	0.26
179450	0.260001
179500	0.260611
179550	0.260952
179600	0.261514
179650	0.26096
179700	0.261112
179750	0.261532
179800	0.261733
179850	0.261225
179900	0.26182
179950	0.261423
180000	0.262283
180050	0.262366
180100	0.262359
180150	0.262925
180200	0.262481
180250	0.262453
180300	0.262998
180350	0.262806
180400	0.262723
180450	0.263559
180500	0.263477
180550	0.264026
180600	0.263646
180650	0.263663
180700	0.264176
180750	0.263882
180800	0.263931
180850	0.263979
180900	0.264849
180950	0.265212
181000	0.264914
181050	0.264879
181100	0.265479
181150	0.265228
181200	0.265124
181250	0.265447
181300	0.265746
181350	0.266117
181400	0.266064
181450	0.266134
181500	0.266879
181550	0.266395
181600	0.266347
181650	0.266483
181700	0.267025
181750	0.266643
181800	0.267456
181850	0.267375
181900	0.267937
181950	0.268103
182000	0.267643
182050	0.267903
182100	0.268162
182150	0.268402
182200	0.267819
182250	0.268791
182300	0.268741
182350	0.268841
182400	0.268848
182450	0.269363
182500	0.26911
182550	0.269043
182600	0.269107
182650	0.26967
182700	0.270028
182750	0.269995
182800	0.270334
182850	0.270599
182900	0.270275
182950	0.27025
183000	0.270888
183050	0.270493
183100	0.27048
183150	0.271353
183200	0.271781
183250	0.271444
183300	0.271441
183350	0.271544
183400	0.272095
183450	0.27169
183500	0.271796
183550	0.272214
183600	0.272692
183650	0.272717
183700	0.272776
183750	0.273689
183800	0.272987
183850	0.272915
183900	0.273044
183950	0.273543
184000	0.27318
184050	0.273973
184100	0.274438
184150	0.274068
184200	0.274646
184250	0.274244
184300	0.274749
184350	0.274425
184400	0.27869
184450	0.274542
184500	0.275475
184550	0.275409
184600	0.2754
184650	0.276103
184700	0.275616
184750	0.27561
184800	0.27572
184850	0.276346
184900	0.275895
184950	0.276698
185000	0.277179
185050	0.276934
185100	0.276789
185150	0.276893
185200	0.277561
185250	0.277091
185300	0.277078
185350	0.277493
185400	0.278104
185450	0.278015
185500	0.278052
185550	0.278688
185600	0.278324
185650	0.27824
185700	0.278745
185750	0.278731
185800	0.278538
185850	0.279402
185900	0.279971
185950	0.279447
186000	0.279461
186050	0.2801
186100	0.279804
186150	0.279607
186200	0.279997
186250	0.280348
186300	0.280716
186350	0.281225
186400	0.281401
186450	0.28085
186500	0.281345
186550	0.280987
186600	0.281448
186650	0.281179
186700	0.281914
186750	0.282159
186800	0.282133
186850	0.282024
186900	0.282814
186950	0.282346
187000	0.282327
187050	0.282386
187100	0.282988
187150	0.282622
187200	0.283494
187250	0.283885
187300	0.283543
187350	0.283466
187400	0.283641
187450	0.28441
187500	0.283732
187550	0.283791
187600	0.284413
187650	0.284759
187700	0.284646
187750	0.28533
187800	0.285081
187850	0.284943
187900	0.285057
187950	0.28573
188000	0.285163
188050	0.285216
188100	0.28616
188150	0.286083
188200	0.286106
188250	0.286751
188300	0.286423
188350	0.286291
188400	0.286399
188450	0.287114
188500	0.286629
188550	0.287645
188600	0.287942
188650	0.287517
188700	0.288039
188750	0.288084
188800	0.287782
188850	0.287729
188900	0.287832
188950	0.288346
189000	0.288771
189050	0.289216
189100	0.288932
189150	0.288843
189200	0.288946
189250	0.289562
189300	0.289236
189350	0.28914
189400	0.289984
189450	0.290148
189500	0.2901
189550	0.290839
189600	0.290281
189650	0.290332
189700	0.290432
189750	0.290963
189800	0.290914
189850	0.290587
189900	0.291566
189950	0.291704
190000	0.291783
190050	0.292083
190100	0.291741
190150	0.29179
190200	0.292341
190250	0.292024
190300	0.292126
190350	0.292927
190400	0.292945
190450	0.292972
190500	0.293657
190550	0.293115
190600	0.293084
190650	0.293408
190700	0.293724
190750	0.293471
190800	0.294433
190850	0.29427
190900	0.294221
190950	0.294393
191000	0.295059
191050	0.294529
191100	0.294583
191150	0.295178
191200	0.294838
191250	0.295619
191300	0.295982
191350	0.295904
191400	0.295739
191450	0.296686
191500	0.29596
191550	0.295889
191600	0.296554
191650	0.296134
191700	0.29698
191750	0.297417
191800	0.297112
191850	0.297081
191900	0.297666
191950	0.297292
192000	0.297259
192050	0.297839
192100	0.297642
192150	0.298359
192200	0.298891
192250	0.29851
192300	0.298408
192350	0.299205
192400	0.298652
192450	0.298603
192500	0.298802
192550	0.299398
192600	0.299823
192650	0.300317
192700	0.299837
192750	0.300247
192800	0.300483
192850	0.300085
192900	0.300025
192950	0.30066
193000	0.300792
193050	0.301135
193100	0.301622
193150	0.30125
193200	0.301145
193250	0.301934
193300	0.301458
193350	0.301414
193400	0.301878
193450	0.301761
193500	0.302499
193550	0.302961
193600	0.302629
193650	0.302582
193700	0.303284
193750	0.302904
193800	0.302764
193850	0.303362
193900	0.303123
193950	0.30392
194000	0.304073
194050	0.304026
194100	0.303978
194150	0.304689
194200	0.304256
194250	0.30423
194300	0.305088
194350	0.304465
194400	0.305331
194450	0.305302
194500	0.305512
194550	0.306044
194600	0.305552
194650	0.305566
194700	0.305647
194750	0.306161
194800	0.3059
194850	0.306809
194900	0.30677
194950	0.306656
195000	0.307265
195050	0.306944
195100	0.306916
195150	0.307625
195200	0.307195
195250	0.307148
195300	0.308099
195350	0.308059
195400	0.308397
195450	0.308359
195500	0.308287
195550	0.308337
195600	0.308876
195650	0.308579
195700	0.308563
195750	0.309519
195800	0.309419
195850	0.310493
195900	0.309653
195950	0.309597
196000	0.310255
196050	0.309837
196100	0.309909
196150	0.310628
196200	0.310844
196250	0.311331
196300	0.310973
196350	0.310933
196400	0.311629
196450	0.311265
196500	0.311217
196550	0.311342
196600	0.311755
196650	0.312384
196700	0.31231
196750	0.312353
196800	0.312955
196850	0.31314
196900	0.312631
196950	0.312591
197000	0.313163
197050	0.312845
197100	0.313747
197150	0.313745
197200	0.313732
197250	0.314348
197300	0.314007
197350	0.313927
197400	0.31468
197450	0.314183
197500	0.314135
197550	0.315173
197600	0.315029
197650	0.315689
197700	0.315303
197750	0.315271
197800	0.316043
197850	0.315548
197900	0.315472
197950	0.316235
198000	0.316538
198050	0.317101
198100	0.316652
198150	0.316874
198200	0.317164
198250	0.316888
198300	0.316797
198350	0.31745
198400	0.317098
198450	0.317951
198500	0.318006
198550	0.318553
198600	0.318828
198650	0.318221
198700	0.318185
198750	0.319632
198800	0.318464
198850	0.31841
198900	0.319484
198950	0.319351
199000	0.319911
199050	0.319561
199100	0.319533
199150	0.320115
199200	0.319781
199250	0.319745
199300	0.320316
199350	0.320868
199400	0.321136
199450	0.320834
199500	0.321323
199550	0.321198
199600	0.321086
199650	0.321331
199700	0.321668
199750	0.321363
199800	0.322273
199850	0.322123
199900	0.32278
199950	0.322443
200000	0.322376
200050	0.323154
200100	0.322693
200150	0.322599
200200	0.323245
200250	0.323756
200300	0.324198
200350	0.323924
200400	0.32383
200450	0.324587
200500	0.324182
200550	0.324078
200600	0.325329
200650	0.324338
200700	0.325348
200750	0.325225
200800	0.325736
200850	0.325318
200900	0.325438
200950	0.325965
201000	0.325642
201050	0.325661
201100	0.32645
201150	0.326637
201200	0.327236
201250	0.326851
201300	0.326814
201350	0.327473
201400	0.327179
201450	0.327206
201500	0.327802
201550	0.327176
201600	0.328306
201650	0.328103
201700	0.328761
201750	0.328447
201800	0.328502
201850	0.329149
201900	0.328539
201950	0.328522
202000	0.329104
202050	0.32961
202100	0.329536
202150	0.329633
202200	0.330329
202250	0.329771
202300	0.329805
202350	0.330488
202400	0.330062
202450	0.330081
202500	0.331252
202550	0.331697
202600	0.331272
202650	0.331286
202700	0.331644
202750	0.331304
202800	0.331382
202850	0.331835
202900	0.331557
202950	0.332587
203000	0.332434
203050	0.332992
203100	0.332578
203150	0.332786
203200	0.333383
203250	0.333019
203300	0.333075
203350	0.333626
203400	0.333957
203450	0.333887
203500	0.33402
203550	0.334425
203600	0.334119
203650	0.334139
203700	0.334766
203750	0.334418
203800	0.334423
203850	0.33541
203900	0.336015
203950	0.335451
204000	0.335498
204050	0.336007
204100	0.335635
204150	0.335779
204200	0.336418
204250	0.335944
204300	0.33702
204350	0.33679
204400	0.337293
204450	0.337241
204500	0.3372
204550	0.337578
204600	0.33725
204650	0.337172
204700	0.337752
204750	0.338431
204800	0.338398
204850	0.338304
204900	0.338997
204950	0.338577
205000	0.338711
205050	0.339265
205100	0.338801
205150	0.338988
205200	0.33979
205250	0.339993
205300	0.339869
205350	0.340369
205400	0.340052
205450	0.340099
205500	0.340724
205550	0.340276
205600	0.340328
205650	0.341327
205700	0.342045
205750	0.341443
205800	0.341431
205850	0.341916
205900	0.341662
205950	0.341596
206000	0.342128
206050	0.341861
206100	0.342891
206150	0.343122
206200	0.342883
206250	0.342914
206300	0.343406
206350	0.343097
206400	0.343168
206450	0.343843
206500	0.343313
206550	0.344235
206600	0.344202
206650	0.344702
206700	0.344407
206750	0.344464
206800	0.344939
206850	0.344656
206900	0.344717
206950	0.34523
207000	0.34575
207050	0.345744
207100	0.346346
207150	0.345864
207200	0.345922
207250	0.346452
207300	0.34613
207350	0.346199
207400	0.346822
207450	0.347238
207500	0.347183
207550	0.347769
207600	0.347374
207650	0.347407
207700	0.348202
207750	0.3476
207800	0.347679
207850	0.348532
207900	0.348823
207950	0.348687
208000	0.349174
208050	0.348903
208100	0.348892
208150	0.349462
208200	0.349116
208250	0.349192
208300	0.350219
208350	0.350227
208400	0.350135
208450	0.350677
208500	0.350352
208550	0.350414
208600	0.351101
208650	0.350594
208700	0.350607
208750	0.351252
208800	0.351706
208850	0.351655
208900	0.352487
208950	0.351874
209000	0.351856
209050	0.352444
209100	0.352115
209150	0.352124
209200	0.352783
209250	0.353222
209300	0.353098
209350	0.353735
209400	0.353396
209450	0.353376
209500	0.353845
209550	0.354145
209600	0.353641
209650	0.354506
209700	0.354758
209750	0.354715
209800	0.355131
209850	0.354901
209900	0.354943
209950	0.355431
210000	0.355103
210050	0.355496
210100	0.355289
210150	0.356186
210200	0.356471
210250	0.356309
210300	0.356322
210350	0.356787
210400	0.356517
210450	0.356551
210500	0.357122
210550	0.356753
210600	0.357701
210650	0.358114
210700	0.357755
210750	0.357823
210800	0.358419
210850	0.35801
210900	0.358483
210950	0.35856
211000	0.358299
211050	0.359245
211100	0.360316
211150	0.359306
211200	0.359935
211250	0.360234
211300	0.359495
211350	0.360062
211400	0.360418
211450	0.35978
211500	0.360917
211550	0.360742
211600	0.360799
211650	0.361377
211700	0.360968
211750	0.361097
211800	0.361527
211850	0.361138
211900	0.361754
211950	0.362338
212000	0.362185
212050	0.363057
212100	0.36245
212150	0.362459
212200	0.363073
212250	0.362661
212300	0.362756
212350	0.363283
212400	0.363793
212450	0.364227
212500	0.363921
212550	0.363922
212600	0.364511
212650	0.36411
212700	0.364123
212750	0.364752
212800	0.364285
212850	0.365703
212900	0.365627
212950	0.365862
213000	0.365963
213050	0.365536
213100	0.365575
213150	0.366172
213200	0.365795
213250	0.365803
213300	0.366913
213350	0.366776
213400	0.367372
213450	0.367033
213500	0.367015
213550	0.367616
213600	0.367245
213650	0.367247
213700	0.36786
213750	0.368357
213800	0.368753
213850	0.3685
213900	0.36847
213950	0.369184
214000	0.368713
214050	0.368677
214100	0.369325
214150	0.368904
214200	0.369962
214250	0.369951
214300	0.369917
214350	0.370481
214400	0.370192
214450	0.370214
214500	0.370716
214550	0.370353
214600	0.370844
214650	0.371548
214700	0.371382
214750	0.371876
214800	0.371634
214850	0.371663
214900	0.372213
214950	0.3718
215000	0.372359
215050	0.372184
215100	0.37295
215150	0.373346
215200	0.373023
215250	0.373551
215300	0.373213
215350	0.37327
215400	0.373783
215450	0.373489
215500	0.373455
215550	0.374621
215600	0.374436
215650	0.375016
215700	0.374612
215750	0.374949
215800	0.375288
215850	0.374889
215900	0.375401
215950	0.375216
216000	0.376034
216050	0.376535
216100	0.376662
216150	0.376583
216200	0.376516
216250	0.376823
216300	0.376851
216350	0.377041
216400	0.376597
216450	0.377665
216500	0.37758
216550	0.378079
216600	0.377741
216650	0.378102
216700	0.378092
216750	0.377883
216800	0.378555
216850	0.378179
216900	0.379213
216950	0.379225
217000	0.379148
217050	0.379767
217100	0.379403
217150	0.379445
217200	0.380005
217250	0.379522
217300	0.380247
217350	0.380691
217400	0.381625
217450	0.381548
217500	0.381513
217550	0.382528
217600	0.38177
217650	0.381732
217700	0.382635
217750	0.381755
217800	0.383198
217850	0.382925
217900	0.383721
217950	0.383238
218000	0.383121
218050	0.383898
218100	0.383136
218150	0.383679
218200	0.38357
218250	0.384447
218300	0.384591
218350	0.38425
218400	0.385413
218450	0.384696
218500	0.384544
218550	0.385483
218600	0.384788
218650	0.385565
218700	0.386145
218750	0.386709
218800	0.38604
218850	0.385979
218900	0.386763
218950	0.386251
219000	0.386902
219050	0.386419
219100	0.386454
219150	0.387872
219200	0.387802
219250	0.38835
219300	0.388459
219350	0.388463
219400	0.388126
219450	0.388558
219500	0.388775
219550	0.388414
219600	0.389405
219650	0.389271
219700	0.389891
219750	0.389523
219800	0.389396
219850	0.390184
219900	0.389738
219950	0.389884
220000	0.390573
220050	0.390932
220100	0.390793
220150	0.390595
220200	0.391375
220250	0.390853
220300	0.391344
220350	0.391323
220400	0.390995
220450	0.39184
220500	0.392423
220550	0.392957
220600	0.392503
220650	0.39319
220700	0.392756
220750	0.392639
220800	0.393461
220850	0.392959
220900	0.39359
220950	0.394059
221000	0.394477
221050	0.393793
221100	0.393908
221150	0.394793
221200	0.394075
221250	0.395031
221300	0.394467
221350	0.394436
221400	0.395638
221450	0.396135
221500	0.395532
221550	0.395588
221600	0.396574
221650	0.395773
221700	0.396504
221750	0.395933
221800	0.395837
221850	0.397108
221900	0.396992
221950	0.397857
222000	0.397099
222050	0.397888
222100	0.397362
222150	0.397346
222200	0.398361
222250	0.397408
222300	0.398721
222350	0.399
222400	0.39932
222450	0.399266
222500	0.399553
222550	0.398952
222600	0.399432
222650	0.399848
222700	0.399023
222750	0.400361
222800	0.400107
222850	0.400889
222900	0.400203
222950	0.401045
223000	0.400567
223050	0.400543
223100	0.401362
223150	0.400653
223200	0.403222
223250	0.40217
223300	0.402095
223350	0.40182
223400	0.402617
223450	0.402156
223500	0.403054
223550	0.402406
223600	0.402206
223650	0.403478
223700	0.403954
223750	0.403523
223800	0.403785
223850	0.404248
223900	0.403683
223950	0.404453
224000	0.403941
224050	0.404421
224100	0.405144
224150	0.405587
224200	0.405084
224250	0.405115
224300	0.405878
224350	0.405196
224400	0.406117
224450	0.405534
224500	0.406305
224550	0.406637
224600	0.407198
224650	0.406667
224700	0.407806
224750	0.406835
224800	0.406805
224850	0.407813
224900	0.406945
224950	0.407836
225000	0.408317
225050	0.408185
225100	0.408159
225150	0.408971
225200	0.408499
225250	0.409252
225300	0.408661
225350	0.408561
225400	0.409441
225450	0.410058
