100	0.000001
200	0.000001
300	0.000001
400	0.000002
500	0.000002
600	0.000003
700	0.000004
800	0.000005
900	0.000006
1000	0.000007
1100	0.000008
1200	0.000009
1300	0.000011
1400	0.000012
1500	0.000014
1600	0.000015
1700	0.000017
1800	0.000019
1900	0.000021
2000	0.000023
2100	0.000025
2200	0.000027
2300	0.000029
2400	0.000033
2500	0.000035
2600	0.000037
2700	0.000040
2800	0.000043
2900	0.000046
3000	0.000049
3100	0.000052
3200	0.000056
3300	0.000059
3400	0.000062
3500	0.000066
3600	0.000070
3700	0.000073
3800	0.000077
3900	0.000081
4000	0.000086
4100	0.000091
4200	0.000095
4300	0.000100
4400	0.000104
4500	0.000109
4600	0.000114
4700	0.000119
4800	0.000123
4900	0.000128
5000	0.000135
5100	0.000138
5200	0.000144
5300	0.000151
5400	0.000156
5500	0.000162
5600	0.000167
5700	0.000174
5800	0.000182
5900	0.000186
6000	0.000192
6100	0.000200
6200	0.000206
6300	0.000212
6400	0.000218
6500	0.000226
6600	0.000234
6700	0.000241
6800	0.000247
6900	0.000256
7000	0.000263
7100	0.000270
7200	0.000279
7300	0.000287
7400	0.000293
7500	0.000302
7600	0.000309
7700	0.000316
7800	0.000325
7900	0.000332
8000	0.000341
8100	0.000352
8200	0.000360
8300	0.000365
8400	0.000378
8500	0.000385
8600	0.000395
8700	0.000405
8800	0.000416
8900	0.000422
9000	0.000433
9100	0.000442
9200	0.000451
9300	0.000461
9400	0.000471
9500	0.000481
9600	0.000490
9700	0.000504
9800	0.000513
9900	0.000525
10000	0.000535
