50	3.136e-06
150	5.693e-06
250	5.099e-06
350	2.216e-06
450	7.036e-06
550	2.978e-06
650	3.703e-06
750	4.17e-06
850	1.0144e-05
900	5.95025e-06
950	6.782e-06
1000	6.973e-06
1050	7.237e-06
1100	7.576e-06
1150	7.841e-06
1200	8.215e-06
1250	8.523e-06
1300	8.793e-06
1350	1.59961e-05
1400	1.0601e-05
1450	1.0854e-05
1500	2.2002e-05
1550	1.1791e-05
1600	1.2349e-05
1650	1.2651e-05
1700	1.2909e-05
1750	1.3308e-05
1800	1.50183e-05
1850	1.5713e-05
1900	1.5977e-05
1950	1.6214e-05
2000	1.659e-05
2050	1.6902e-05
2100	1.7158e-05
2150	1.7408e-05
2200	1.7817e-05
2250	1.97731e-05
2300	2.0671e-05
2350	2.0937e-05
2400	2.1368e-05
2450	2.1716e-05
2500	2.209e-05
2550	2.238e-05
2600	2.267e-05
2650	2.3087e-05
2700	2.5207e-05
2750	2.5988e-05
2800	2.6446e-05
2850	2.6897e-05
2900	2.7253e-05
2950	4.5195e-05
3000	2.806e-05
3050	2.8183e-05
3100	2.8613e-05
3150	3.10156e-05
3200	3.1942e-05
3250	3.2365e-05
3300	3.3039e-05
3350	3.3494e-05
3400	3.3928e-05
3450	3.4216e-05
3500	3.4767e-05
3550	3.5066e-05
3600	3.76861e-05
3650	3.8808e-05
3700	3.9438e-05
3750	3.9892e-05
3800	4.0323e-05
3850	4.0751e-05
3900	4.0942e-05
3950	4.1604e-05
4000	4.2019e-05
4050	4.98457e-05
4100	4.6083e-05
4150	4.6659e-05
4200	4.7023e-05
4250	4.7513e-05
4300	4.8252e-05
4350	4.8779e-05
4400	4.922e-05
4450	4.9503e-05
4500	5.28889e-05
4550	5.395e-05
4600	5.4424e-05
4650	5.4921e-05
4700	5.5508e-05
4750	5.6074e-05
4800	5.6476e-05
4850	5.6908e-05
4900	5.767e-05
4950	6.12309e-05
5000	6.2298e-05
5050	6.2794e-05
5100	6.3389e-05
5150	6.3991e-05
5200	6.4431e-05
5250	6.496e-05
5300	6.5618e-05
5350	6.6389e-05
5400	7.24965e-05
5450	7.1042e-05
5500	7.1704e-05
5550	7.2382e-05
5600	7.2873e-05
5650	7.3334e-05
5700	7.411e-05
5750	7.4677e-05
5800	7.5213e-05
5850	8.16832e-05
5900	8.0426e-05
5950	8.1206e-05
6000	8.1542e-05
6050	9.8679e-05
6100	8.5496e-05
6150	8.6137e-05
6200	8.6844e-05
6250	8.7655e-05
6300	0.000103986
6350	9.0439e-05
6400	9.148e-05
6450	9.2104e-05
6500	9.224e-05
6550	9.3102e-05
6600	9.3504e-05
6650	9.4249e-05
6700	0.000174357
6750	9.98177e-05
6800	0.000101097
6850	0.000101746
6900	0.000102509
6950	0.000103152
7000	0.000103728
7050	0.000136672
7100	0.000105238
7150	0.000105864
7200	0.000110939
7250	0.000112246
7300	0.00011299
7350	0.000113675
7400	0.00011435
7450	0.000115109
7500	0.000115754
7550	0.000116513
7600	0.00011717
7650	0.000126371
7700	0.000124005
7750	0.0001248
7800	0.00012528
7850	0.000126172
7900	0.00012684
7950	0.000127595
8000	0.000128239
8050	0.000128965
8100	0.00013719
8150	0.000136285
8200	0.000136986
8250	0.000137696
8300	0.000138451
8350	0.000139228
8400	0.000139907
8450	0.000140595
8500	0.00014145
8550	0.000147466
8600	0.000148958
8650	0.000149873
8700	0.000178605
8750	0.000151531
8800	0.000152247
8850	0.000152927
8900	0.0001537
8950	0.000154619
9000	0.000165604
9050	0.000166868
9100	0.000167945
9150	0.000200079
9200	0.000169944
9250	0.000170506
9300	0.000171282
9350	0.000172362
9400	0.000173215
9450	0.000185756
9500	0.000183911
9550	0.000183015
9600	0.000183772
9650	0.000184676
9700	0.000185666
9750	0.000186773
9800	0.000187538
9850	0.000188676
9900	0.000196063
9950	0.000197693
10000	0.000198506
10050	0.000199473
10100	0.000200329
10150	0.000201224
10200	0.000202108
10250	0.000202932
10300	0.00021562
10350	0.000207862
10400	0.000207206
10450	0.000208001
10500	0.000208745
10550	0.000209582
10600	0.000210417
10650	0.000211178
10700	0.00021192
10750	0.000212734
10800	0.000222345
10850	0.000221838
10900	0.000222683
10950	0.000223632
11000	0.00022468
11050	0.000227502
11100	0.000226613
11150	0.000227448
11200	0.000228393
11250	0.000244153
11300	0.000238094
11350	0.00023919
11400	0.000239984
11450	0.000240981
11500	0.000242041
11550	0.000243
11600	0.000299751
11650	0.000244889
11700	0.000253011
11750	0.000255691
11800	0.00025731
11850	0.000256726
11900	0.000258725
11950	0.000259726
12000	0.000261212
12050	0.0002619
12100	0.000261901
12150	0.000270645
12200	0.000272453
12250	0.000274347
12300	0.000275428
12350	0.000275598
12400	0.000277321
12450	0.000277668
12500	0.000278729
12550	0.000279708
12600	0.000296513
12650	0.000292277
12700	0.000291834
12750	0.000292741
12800	0.000293839
12850	0.000294767
12900	0.000295786
12950	0.000296874
13000	0.00029794
13050	0.000307029
13100	0.000309083
13150	0.000310141
13200	0.000312615
13250	0.00031224
13300	0.000313318
13350	0.000314472
13400	0.000315529
13450	0.000316608
13500	0.000325991
13550	0.000327959
13600	0.000329187
13650	0.000330226
13700	0.000332724
13750	0.000332414
13800	0.000333551
13850	0.000334556
13900	0.000402732
13950	0.000345499
14000	0.000347418
14050	0.000348629
14100	0.000351225
14150	0.0003511
14200	0.000352212
14250	0.000353328
14300	0.000354374
14350	0.000355625
14400	0.00036556
14450	0.000368983
14500	0.000368865
14550	0.000370097
14600	0.000371241
14650	0.000372478
14700	0.000373547
14750	0.000374837
14800	0.000375852
14850	0.000391978
14900	0.000388453
14950	0.000389774
15000	0.000390788
15050	0.000391976
15100	0.000393165
15150	0.000394428
15200	0.000397014
15250	0.000396902
15300	0.000407279
15350	0.000409571
15400	0.000410776
15450	0.00041331
15500	0.000413179
15550	0.000414398
15600	0.000415658
15650	0.000416879
15700	0.000418072
15750	0.000434695
15800	0.000431288
15850	0.000432581
15900	0.000433838
15950	0.000435064
16000	0.000436208
16050	0.000437474
16100	0.000440216
16150	0.000440016
16200	0.000451201
16250	0.000454884
16300	0.000454841
16350	0.000456346
16400	0.000457481
16450	0.000458832
16500	0.000460121
16550	0.000461435
16600	0.000462692
16650	0.000482326
16700	0.000476735
16750	0.000479511
16800	0.000479551
16850	0.000480781
16900	0.000482168
16950	0.000483509
17000	0.000484852
17050	0.000486255
17100	0.000498318
17150	0.000500683
17200	0.000502182
17250	0.000504886
17300	0.000504666
17350	0.000506255
17400	0.000574303
17450	0.000509001
17500	0.000510433
17550	0.000522613
17600	0.000525021
17650	0.000527833
17700	0.000527815
17750	0.000529285
17800	0.00053069
17850	0.000531968
17900	0.00053345
17950	0.000536166
18000	0.000552927
18050	0.000549878
18100	0.000551137
18150	0.000552676
18200	0.000554073
18250	0.000555474
18300	0.000558163
18350	0.000558385
18400	0.00055986
18450	0.000572536
18500	0.000574866
18550	0.000576553
18600	0.000578129
18650	0.000580934
18700	0.000581034
18750	0.00064957
18800	0.000584203
18850	0.00058577
18900	0.000599127
18950	0.00060167
19000	0.000603098
19050	0.000604655
19100	0.000606241
19150	0.000607684
19200	0.000610785
19250	0.000610665
19300	0.000612119
19350	0.000631203
19400	0.000628228
19450	0.000631063
19500	0.000631114
19550	0.000632664
19600	0.000634043
19650	0.00063549
19700	0.000638515
19750	0.00063859
19800	0.000657906
19850	0.00065501
19900	0.000658089
19950	0.000657998
20000	0.000659492
20050	0.000661036
20100	0.000662446
20150	0.000665428
20200	0.000665469
20250	0.000679514
20300	0.000682256
20350	0.00068517
20400	0.000685342
20450	0.000753698
20500	0.00068847
20550	0.000689988
20600	0.000692984
20650	0.000692768
20700	0.000709309
20750	0.000711212
20800	0.000711151
20850	0.000712743
20900	0.000714127
20950	0.000717066
21000	0.000717124
21050	0.000785435
21100	0.000720066
21150	0.000735002
21200	0.000737729
21250	0.000739306
21300	0.000741012
21350	0.000749159
21400	0.000744184
21450	0.000745899
21500	0.000747448
21550	0.000750545
21600	0.000769737
21650	0.000768497
21700	0.000768823
21750	0.000770515
21800	0.00077207
21850	0.000775469
21900	0.000775567
21950	0.000777356
22000	0.000778951
22050	0.000800096
22100	0.000797399
22150	0.000800653
22200	0.000800756
22250	0.000802612
22300	0.000804314
22350	0.000807472
22400	0.000807644
22450	0.000809341
22500	0.000830618
22550	0.000827976
22600	0.000831128
22650	0.000831387
22700	0.000833106
22750	0.000834826
22800	0.000837903
22850	0.000838242
22900	0.000840069
22950	0.000861437
23000	0.000858814
23050	0.000861756
23100	0.000941581
23150	0.000861539
23200	0.000862888
23250	0.000866053
23300	0.000866204
23350	0.000867908
23400	0.000889798
23450	0.000888592
23500	0.000888875
23550	0.000890631
23600	0.000893825
23650	0.000894
23700	0.000895774
23750	0.000897557
23800	0.000900739
23850	0.000921376
23900	0.000918728
23950	0.000920614
24000	0.000923586
24050	0.000924008
24100	0.000925926
24150	0.000928906
24200	0.000929459
24250	0.000997879
24300	0.000949471
24350	0.000952717
24400	0.000953757
24450	0.000955514
24500	0.000958863
24550	0.00102681
24600	0.000961572
24650	0.000964383
24700	0.000964766
24750	0.000981249
24800	0.000986613
24850	0.00105364
24900	0.000989422
24950	0.000992167
25000	0.000992556
25050	0.00099447
25100	0.000999082
25150	0.00099906
25200	0.00102128
25250	0.00101938
25300	0.00102062
25350	0.00102251
25400	0.00102614
25450	0.00102648
25500	0.0010284
25550	0.00103175
25600	0.00103221
25650	0.00105547
25700	0.00105278
25750	0.00105492
25800	0.00105822
25850	0.00105879
25900	0.00106089
25950	0.00106426
26000	0.00106481
26050	0.00106684
26100	0.00109075
26150	0.00108991
26200	0.00109044
26250	0.00109248
26300	0.00109607
26350	0.00116337
26400	0.00109841
26450	0.00110227
26500	0.00110266
26550	0.00112691
26600	0.00112449
26650	0.00112836
26700	0.0011288
26750	0.00113083
26800	0.00113441
26850	0.00113493
26900	0.00113711
26950	0.00114031
27000	0.00116357
27050	0.00116143
27100	0.00116498
27150	0.00116543
27200	0.00116759
27250	0.00117103
27300	0.00117158
27350	0.00117365
27400	0.00117717
27450	0.00120077
27500	0.00119817
27550	0.00120187
27600	0.00126935
27650	0.0012061
27700	0.00120646
27750	0.00120855
27800	0.00121211
27850	0.00121277
27900	0.00123799
27950	0.00123745
28000	0.00123818
28050	0.00124186
28100	0.0012425
28150	0.00124463
28200	0.0012483
28250	0.00124885
28300	0.00125109
28350	0.00127664
28400	0.00127449
28450	0.00127796
28500	0.00134513
28550	0.00128235
28600	0.00128264
28650	0.00128484
28700	0.00128827
28750	0.0012889
28800	0.00131486
28850	0.00131238
28900	0.00131589
28950	0.00131649
29000	0.00131856
29050	0.00134969
29100	0.00132259
29150	0.00132592
29200	0.00139364
29250	0.00134721
29300	0.00141725
29350	0.00135437
29400	0.00135475
29450	0.00135842
29500	0.00135889
29550	0.00136109
29600	0.00136468
29650	0.00136524
29700	0.00139154
29750	0.00168039
29800	0.00144726
29850	0.0014537
29900	0.00180101
29950	0.00143361
30000	0.00140109
30050	0.00140229
30100	0.00143306
30150	0.00144347
30200	0.00142895
30250	0.00145898
30300	0.00143331
30350	0.00143712
30400	0.00143758
30450	0.00144138
30500	0.00154115
30550	0.0014861
30600	0.00151075
30650	0.00150881
30700	0.00151252
30750	0.00151326
30800	0.00151701
30850	0.00151766
30900	0.00152125
30950	0.00152187
31000	0.00152558
31050	0.0015573
31100	0.00155139
31150	0.00155189
31200	0.00155559
31250	0.0015562
31300	0.00156002
31350	0.00156058
31400	0.00156431
31450	0.0015649
31500	0.00156854
31550	0.00161632
31600	0.00155306
31650	0.00155369
31700	0.00155755
31750	0.0015582
31800	0.00156059
31850	0.00156419
31900	0.00156503
31950	0.00159565
32000	0.00159246
32050	0.0016601
32100	0.00159724
32150	0.00162481
32200	0.00160173
32250	0.00160252
32300	0.00160636
32350	0.00160706
32400	0.00163996
32450	0.00163342
32500	0.00163717
32550	0.00170465
32600	0.00168118
32650	0.00164273
32700	0.00164666
32750	0.00164737
32800	0.00165123
32850	0.0016782
32900	0.00167634
32950	0.00174702
33000	0.00168084
33050	0.00168505
33100	0.00168575
33150	0.00168952
33200	0.00169053
33250	0.00169416
33300	0.0017216
33350	0.00172125
33400	0.00178888
33450	0.00172611
33500	0.00172692
33550	0.0017345
33600	0.0017326
33650	0.00173645
33700	0.00173744
33750	0.00176816
33800	0.00183154
33850	0.00177003
33900	0.00177057
33950	0.00177345
34000	0.00177456
34050	0.00177842
34100	0.00178239
34150	0.0017832
34200	0.00181631
34250	0.00181053
34300	0.00181367
34350	0.00181532
34400	0.00181877
34450	0.00182034
34500	0.00182286
34550	0.00182405
34600	0.00189486
34650	0.00185642
34700	0.00185475
34750	0.00185875
34800	0.00185991
34850	0.00186384
34900	0.00186495
34950	0.0019399
35000	0.00187164
35050	0.00187272
35100	0.00190295
35150	0.0019028
35200	0.00190396
35250	0.00193494
35300	0.00197575
35350	0.00191352
35400	0.00191456
35450	0.00191842
35500	0.00192107
35550	0.00195018
35600	0.00201526
35650	0.00195285
35700	0.00195403
35750	0.00195807
35800	0.00196061
35850	0.00196186
35900	0.00196595
35950	0.00196721
36000	0.00200596
36050	0.00199657
36100	0.00200065
36150	0.00200189
36200	0.002006
36250	0.00200872
36300	0.0020766
36350	0.00201409
36400	0.00201522
36450	0.00204653
36500	0.00204503
36550	0.00211578
36600	0.00205188
36650	0.00205302
36700	0.00205722
36750	0.00205999
36800	0.00206101
36850	0.00206506
36900	0.00210082
36950	0.00209545
37000	0.00209832
37050	0.0020995
37100	0.00210382
37150	0.00210527
37200	0.00217609
37250	0.00211246
37300	0.00211375
37350	0.00214807
37400	0.00214581
37450	0.00221391
37500	0.00215173
37550	0.00215427
37600	0.00215568
37650	0.0021598
37700	0.0021626
37750	0.00216383
37800	0.00220174
37850	0.00219591
37900	0.00219865
37950	0.0021999
38000	0.00220407
38050	0.00227349
38100	0.00220788
38150	0.00221203
38200	0.00221474
38250	0.00225123
38300	0.00224431
38350	0.00224843
38400	0.00225106
38450	0.00225237
38500	0.00225637
38550	0.00225926
38600	0.00232692
38650	0.0022648
38700	0.00229705
38750	0.00236273
38800	0.00229875
38850	0.00229993
38900	0.00230399
38950	0.00230672
39000	0.00230948
39050	0.00231073
39100	0.0023818
39150	0.00234643
39200	0.00234662
39250	0.00234924
39300	0.00241874
39350	0.00235336
39400	0.00235758
39450	0.00236026
39500	0.00236158
39550	0.00236576
39600	0.00240328
39650	0.00239636
39700	0.00240048
39750	0.00240321
39800	0.00247279
39850	0.00240739
39900	0.00241158
39950	0.00241444
40000	0.00241713
40050	0.00245478
40100	0.00244945
40150	0.00245535
40200	0.00245516
40250	0.00252325
40300	0.00246087
40350	0.00246317
40400	0.00246631
40450	0.00246761
40500	0.00250709
40550	0.00250171
40600	0.00250448
40650	0.00250738
40700	0.00257529
40750	0.00251329
40800	0.00251586
40850	0.00251873
40900	0.0025201
40950	0.00256255
41000	0.00255314
41050	0.00255738
41100	0.00262691
41150	0.00256278
41200	0.00256413
41250	0.00256819
41300	0.00257106
41350	0.00268127
41400	0.00266465
41450	0.00260723
41500	0.00270324
41550	0.00261277
41600	0.00261546
41650	0.00261671
41700	0.00262098
41750	0.00262371
41800	0.00262777
41850	0.0026656
41900	0.00272695
41950	0.00266332
42000	0.00266613
42050	0.00266896
42100	0.00267054
42150	0.00267482
42200	0.00274448
42250	0.00268067
42300	0.00272298
42350	0.00274401
42400	0.00271794
42450	0.00272075
42500	0.00272359
42550	0.00272667
42600	0.00279734
42650	0.00273103
42700	0.00273551
42750	0.00278007
42800	0.00276993
42850	0.00277275
42900	0.00277602
42950	0.00284554
43000	0.00278053
43050	0.00278493
43100	0.00278796
43150	0.002791
43200	0.00283115
43250	0.00289288
43300	0.00282903
43350	0.00283228
43400	0.00283519
43450	0.00283688
43500	0.00284158
43550	0.00291137
43600	0.00284771
43650	0.00288802
43700	0.00288302
43750	0.0028861
43800	0.00288895
43850	0.00289231
43900	0.00296227
43950	0.00289863
44000	0.00290014
44050	0.00290476
44100	0.00294559
44150	0.00294044
44200	0.00301057
44250	0.00294693
44300	0.00294868
44350	0.00295309
44400	0.00295639
44450	0.00302626
44500	0.00296281
44550	0.0030042
44600	0.0029988
44650	0.00300217
44700	0.00300537
44750	0.00307378
44800	0.00301178
44850	0.00301497
44900	0.00301819
44950	0.00302144
45000	0.00307078
45050	0.00305799
45100	0.00306114
45150	0.00306452
45200	0.00306756
45250	0.00307087
45300	0.00314082
45350	0.00307735
45400	0.00308061
45450	0.0031224
45500	0.0031176
45550	0.00318759
45600	0.00312391
45650	0.00312728
45700	0.00313055
45750	0.00313243
45800	0.00320368
45850	0.00314063
45900	0.00318486
45950	0.00317747
46000	0.00318085
46050	0.00325105
46100	0.00318749
46150	0.00336442
46200	0.00320339
46250	0.00320074
46300	0.00327122
46350	0.00324623
46400	0.00324118
46450	0.00324447
46500	0.00331452
46550	0.00325141
46600	0.00325458
46650	0.00325794
46700	0.00326141
46750	0.00333127
46800	0.00330871
46850	0.00330245
46900	0.00330576
46950	0.00337578
47000	0.00331247
47050	0.00331553
47100	0.00331886
47150	0.00332221
47200	0.00339205
47250	0.00336842
47300	0.0033635
47350	0.0033668
47400	0.00343655
47450	0.00337354
47500	0.00337677
47550	0.00340845
47600	0.00338334
47650	0.00345338
47700	0.00342997
47750	0.00342494
47800	0.00342838
47850	0.00349855
47900	0.00343497
47950	0.00343836
48000	0.00344152
48050	0.00344463
48100	0.0035152
48150	0.00349443
48200	0.00348683
48250	0.00355695
48300	0.00349346
48350	0.00349683
48400	0.00350017
48450	0.00350355
48500	0.00357347
48550	0.00351021
48600	0.00361626
48650	0.00357564
48700	0.00355273
48750	0.00358299
48800	0.00355953
48850	0.00362955
48900	0.0035662
48950	0.00357087
49000	0.00357258
49050	0.00362267
49100	0.00361434
49150	0.00361794
49200	0.00362067
49250	0.00369007
49300	0.00365436
49350	0.00363032
49400	0.00363449
49450	0.00370391
49500	0.00368411
49550	0.003734
49600	0.00374721
49650	0.00368432
49700	0.00368721
49750	0.00369106
49800	0.00376104
49850	0.00370183
49900	0.00370254
49950	0.00375084
50000	0.00374131
50050	0.0037449
50100	0.00374753
50150	0.00381904
50200	0.00375444
50250	0.00375808
50300	0.00376166
50350	0.00383181
50400	0.00381058
50450	0.00387269
50500	0.00384192
50550	0.00381315
50600	0.00381664
50650	0.00382155
50700	0.00389047
50750	0.00382724
50800	0.00383084
50850	0.00388201
50900	0.00387179
50950	0.00387545
51000	0.00394715
51050	0.00388242
51100	0.00388608
51150	0.00388971
51200	0.00396014
51250	0.00390107
51300	0.00395062
51350	0.003938
51400	0.00394154
51450	0.00394483
51500	0.00401484
51550	0.00395357
51600	0.00395555
51650	0.00395907
51700	0.00402932
51750	0.00400883
51800	0.00407081
51850	0.00400762
51900	0.00401122
51950	0.00401458
52000	0.00408645
52050	0.00402198
52100	0.00402566
52150	0.00405763
52200	0.00408179
52250	0.00413825
52300	0.00407548
52350	0.00408036
52400	0.00408281
52450	0.00415313
52500	0.00409028
52550	0.00409538
52600	0.0040976
52650	0.00415049
52700	0.00420705
52750	0.00414405
52800	0.00414893
52850	0.00415122
52900	0.00422201
52950	0.00415913
53000	0.00416405
53050	0.00418089
53100	0.00421951
53150	0.00427592
53200	0.00421484
53250	0.00421698
53300	0.00422072
53350	0.00429089
53400	0.00422989
53450	0.00423212
53500	0.00423593
53550	0.00428915
53600	0.00434582
53650	0.00428289
53700	0.00428671
53750	0.0042916
53800	0.00436103
53850	0.00429822
53900	0.00430317
53950	0.00437243
54000	0.00435992
54050	0.00434935
54100	0.00435321
54150	0.00435834
54200	0.0044276
54250	0.00436473
54300	0.00444415
54350	0.00476861
54400	0.00443183
54450	0.00445711
54500	0.00442218
54550	0.00449152
54600	0.00442867
54650	0.00443349
54700	0.00443633
54750	0.00450673
54800	0.00444557
54850	0.00444792
54900	0.00452067
54950	0.00456007
55000	0.00449583
55050	0.00449985
55100	0.00455785
55150	0.00457438
55200	0.00454438
55250	0.00451501
55300	0.0045859
55350	0.00457401
55400	0.00456335
55450	0.00456739
55500	0.00463974
55550	0.0045752
55600	0.00458047
55650	0.00464994
55700	0.00458698
55750	0.00459221
55800	0.00464586
55850	0.00470409
55900	0.0046401
55950	0.00464498
56000	0.00471432
56050	0.00465194
56100	0.00465658
56150	0.00465931
56200	0.00473132
56250	0.00471816
56300	0.00470833
56350	0.00478045
56400	0.00471594
56450	0.00472005
56500	0.00472888
56550	0.00479484
56600	0.00473318
56650	0.00473573
56700	0.00479894
56750	0.00478254
56800	0.00478513
56850	0.00485682
56900	0.00479297
56950	0.00479819
57000	0.00486754
57050	0.00480477
57100	0.00480995
57150	0.00487217
57200	0.00485588
57250	0.00485827
57300	0.00486358
57350	0.00493312
57400	0.00487144
57450	0.00487424
57500	0.00494635
57550	0.00488211
57600	0.00494411
57650	0.00492845
57700	0.00493358
57750	0.00493642
57800	0.00500851
57850	0.00494403
57900	0.00494963
57950	0.00501842
58000	0.00495746
58050	0.00503145
58100	0.00500444
58150	0.00500698
58200	0.00501255
58250	0.00508199
58300	0.00502058
58350	0.00502524
58400	0.00509735
58450	0.00503113
58500	0.00509249
58550	0.00508047
58600	0.00508456
58650	0.00515385
58700	0.00509199
58750	0.00509469
58800	0.00512687
58850	0.00516894
58900	0.00511102
58950	0.00523044
59000	0.00518414
59050	0.00516042
59100	0.00522957
59150	0.0051935
59200	0.00517096
59250	0.00524299
59300	0.00517787
59350	0.00518242
59400	0.00524683
59450	0.00522952
59500	0.00533185
59550	0.00523873
59600	0.00524153
59650	0.00534026
59700	0.0052501
59750	0.00525683
59800	0.0053835
59850	0.00532041
59900	0.0053765
59950	0.00534757
60000	0.00531986
60050	0.00538971
60100	0.00532777
60150	0.00535427
60200	0.00539948
60250	0.00533704
60300	0.00539924
60350	0.00538548
60400	0.00545472
60450	0.00539394
60500	0.0053981
60550	0.00546748
60600	0.00540662
60650	0.00540931
60700	0.00548113
60750	0.00547296
60800	0.00556415
60850	0.00547334
60900	0.00547797
60950	0.00554766
61000	0.00549043
61050	0.00549025
61100	0.00556053
61150	0.00549902
61200	0.00556495
61250	0.00554879
61300	0.00561874
61350	0.00555761
61400	0.00558948
61450	0.00563202
61500	0.00557075
61550	0.00557491
61600	0.00564452
61650	0.00564289
61700	0.00562771
61750	0.00569986
61800	0.00563766
61850	0.00564218
61900	0.0057114
61950	0.00565077
62000	0.00565507
62050	0.00572451
62100	0.00572479
62150	0.00570954
62200	0.00571257
62250	0.00578503
62300	0.00572257
62350	0.00572736
62400	0.00579743
62450	0.00573605
62500	0.00574068
62550	0.00581063
62600	0.00579018
62650	0.00579578
62700	0.00586748
62750	0.00580522
62800	0.00580841
62850	0.00588027
62900	0.00581879
62950	0.00582316
63000	0.00595639
63050	0.00593045
63100	0.005906
63150	0.00594979
63200	0.00588861
63250	0.0059612
63300	0.0058975
63350	0.00590197
63400	0.00597174
63450	0.00597656
63500	0.00595786
63550	0.00602959
63600	0.00596577
63650	0.00602435
63700	0.00604364
63750	0.00598475
63800	0.00598572
63850	0.00605577
63900	0.00605616
63950	0.00610869
64000	0.00604658
64050	0.00605089
64100	0.00612118
64150	0.00606053
64200	0.0060652
64250	0.00613627
64300	0.00619117
64350	0.00614082
64400	0.0061933
64450	0.00613079
64500	0.00620084
64550	0.0061404
64600	0.00617154
64650	0.00621659
64700	0.00615456
64750	0.00615926
64800	0.00623352
64850	0.00623877
64900	0.00628381
64950	0.0062215
65000	0.00622609
65050	0.00629767
65100	0.00623438
65150	0.00630638
65200	0.00624519
65250	0.00632167
65300	0.00629743
65350	0.00630234
65400	0.00637382
65450	0.0063117
65500	0.00631475
65550	0.00638756
65600	0.00632507
65650	0.00639635
65700	0.0063987
65750	0.0064491
65800	0.00638716
65850	0.00639123
65900	0.00647763
65950	0.00640016
66000	0.0064052
66050	0.00647677
66100	0.00641446
66150	0.00648892
66200	0.00646732
66250	0.00653904
66300	0.00647658
66350	0.00648129
66400	0.00655266
66450	0.0065168
66500	0.00656246
66550	0.00649982
66600	0.00663468
66650	0.00658073
66700	0.00662536
66750	0.00656284
66800	0.00656798
66850	0.00663886
66900	0.00657643
66950	0.00664719
67000	0.00658584
67050	0.00666388
67100	0.00667149
67150	0.00676402
67200	0.00664892
67250	0.0066539
67300	0.0067285
67350	0.006663
67400	0.00673409
67450	0.0066728
67500	0.00674641
67550	0.00672911
67600	0.00678182
67650	0.00672109
67700	0.00672449
67750	0.00679649
67800	0.00673348
67850	0.00680499
67900	0.00674293
67950	0.00681601
68000	0.00679764
68050	0.00687049
68100	0.00680803
68150	0.00690667
68200	0.0068172
68250	0.0068222
68300	0.00689729
68350	0.00683144
68400	0.00690586
68450	0.00695516
68500	0.00689159
68550	0.00696303
68600	0.00692969
68650	0.0069066
68700	0.0069788
68750	0.00691698
68800	0.00698864
68850	0.00699703
68900	0.00697809
68950	0.00698323
69000	0.00705486
69050	0.00699365
69100	0.00706553
69150	0.0070037
69200	0.00707577
69250	0.00701396
69300	0.00709104
69350	0.0071375
69400	0.00707636
69450	0.00708073
69500	0.00715493
69550	0.00709175
69600	0.00716361
69650	0.00710194
69700	0.00717385
69750	0.00718566
69800	0.00716477
69850	0.00765707
69900	0.00729368
69950	0.00728444
70000	0.00735627
70050	0.00724524
70100	0.00735502
70150	0.00723798
70200	0.0072803
70250	0.00735668
70300	0.00726441
70350	0.00733644
70400	0.00727609
70450	0.00740034
70500	0.00728948
70550	0.00735765
70600	0.00729606
70650	0.00737242
70700	0.0074209
70750	0.00735912
70800	0.00743801
70850	0.00736977
70900	0.00744224
70950	0.00738021
71000	0.00738596
71050	0.0074595
71100	0.00746851
71150	0.00751686
71200	0.00745561
71250	0.00752776
71300	0.00746771
71350	0.00749929
71400	0.00754403
71450	0.00748301
71500	0.00755666
71550	0.00756573
71600	0.00764008
71650	0.00755077
71700	0.00762368
71750	0.00756035
71800	0.0076322
71850	0.00757071
71900	0.00757693
71950	0.00764763
72000	0.00765779
72050	0.00770544
72100	0.00764346
72150	0.0077168
72200	0.00765358
72250	0.00772573
72300	0.0076648
72350	0.00773771
72400	0.00767458
72450	0.0077591
72500	0.00773356
72550	0.00780701
72600	0.00774379
72650	0.00781604
72700	0.00775592
72750	0.00782865
72800	0.00776517
72850	0.00779911
72900	0.00792717
72950	0.00792723
73000	0.00783476
73050	0.00791291
73100	0.00784698
73150	0.00791852
73200	0.00785704
73250	0.00786275
73300	0.00793416
73350	0.00796298
73400	0.00792671
73450	0.00800037
73500	0.00793765
73550	0.00800907
73600	0.00794981
73650	0.00802022
73700	0.00796073
73750	0.00805796
73800	0.00804677
73850	0.00809234
73900	0.00803231
73950	0.00810416
74000	0.00804417
74050	0.00811515
74100	0.00805625
74150	0.008127
74200	0.00806624
74250	0.00815373
74300	0.00819422
74350	0.00813511
74400	0.00820626
74450	0.00814721
74500	0.00821877
74550	0.00815837
74600	0.00823547
74650	0.00819786
74700	0.00825648
74750	0.00823446
74800	0.00830627
74850	0.00824648
74900	0.00831847
74950	0.00825894
75000	0.00833092
75050	0.00827153
75100	0.00834339
75150	0.00836491
75200	0.00834185
75250	0.00841305
75300	0.00835399
75350	0.00842605
75400	0.00836773
75450	0.00843887
75500	0.00838
75550	0.00845186
75600	0.00853512
75650	0.00852058
75700	0.00845643
75750	0.00853266
75800	0.0084698
75850	0.00854445
75900	0.00848326
75950	0.0085577
76000	0.00850301
76050	0.0085944
76100	0.00863032
76150	0.0085701
76200	0.00864268
76250	0.0085835
76300	0.00865612
76350	0.00866378
76400	0.00860333
76450	0.00867747
76500	0.00869942
76550	0.00867812
76600	0.00875261
76650	0.00869049
76700	0.00876638
76750	0.00870815
76800	0.00878101
76850	0.00872182
76900	0.00879407
76950	0.00881976
77000	0.00886397
77050	0.00880277
77100	0.00890676
77150	0.00881978
77200	0.00891993
77250	0.00890066
77300	0.00884563
77350	0.00891404
77400	0.00893733
77450	0.00898324
77500	0.00892536
77550	0.00899996
77600	0.00893942
77650	0.00901861
77700	0.00895566
77750	0.00902817
77800	0.00897101
77850	0.00906848
77900	0.00904118
77950	0.00911396
78000	0.00912408
78050	0.00906472
78100	0.00916587
78150	0.00908097
78200	0.00915606
78250	0.00909678
78300	0.00926851
78350	0.00916865
78400	0.00924435
78450	0.00927785
78500	0.00920145
78550	0.00926875
78600	0.00924133
78650	0.00928361
78700	0.0092792
78750	0.00932709
78800	0.0093658
78850	0.00930563
78900	0.00938185
78950	0.00932378
79000	0.00939837
79050	0.00934054
79100	0.00941399
79150	0.00942401
79200	0.00945274
79250	0.00949722
79300	0.00950614
79350	0.0094476
79400	0.00952336
79450	0.00946451
79500	0.0095394
79550	0.00948243
79600	0.00955826
79650	0.00959313
79700	0.00956558
79750	0.00964012
79800	0.00964945
79850	0.00959292
79900	0.00966738
79950	0.00961095
80000	0.0096868
80050	0.00962931
80100	0.00972993
80150	0.00986084
80200	0.00978151
80250	0.00972484
80300	0.00980339
80350	0.00974203
80400	0.00981596
80450	0.00982692
80500	0.00976985
80550	0.00994017
80600	0.00991696
80650	0.00992294
80700	0.00986433
80750	0.00994089
80800	0.00988385
80850	0.00996071
80900	0.00999715
80950	0.00991244
81000	0.0100212
81050	0.0100564
81100	0.0100656
81150	0.0100092
81200	0.0101116
81250	0.0100283
81300	0.010105
81350	0.0101143
81400	0.0100577
81450	0.0101603
81500	0.0102025
81550	0.0102404
81600	0.0101551
81650	0.0102326
81700	0.0102424
81750	0.0101866
81800	0.0102631
81850	0.0102058
81900	0.0103169
81950	0.0102904
82000	0.0103626
82050	0.0103714
82100	0.0103147
82150	0.0103915
82200	0.0104014
82250	0.0103455
82300	0.0104208
82350	0.0104601
82400	0.0105137
82450	0.0105094
82500	0.0104549
82550	0.0105327
82600	0.0104766
82650	0.0105538
82700	0.0105597
82750	0.0105305
82800	0.0106784
82850	0.0106506
82900	0.0105941
82950	0.0106718
83000	0.0107079
83050	0.0106275
83100	0.0107316
83150	0.0107118
83200	0.010682
83250	0.0107733
83300	0.0108028
83350	0.0107486
83400	0.0108229
83450	0.010833
83500	0.0107782
83550	0.0108889
83600	0.0107982
83650	0.0108748
83700	0.0109219
83750	0.0109591
83800	0.0109008
83850	0.0109776
83900	0.0109894
83950	0.0109307
84000	0.0110082
84050	0.0110195
84100	0.0109906
84150	0.0110742
84200	0.011111
84250	0.0111196
84300	0.011067
84350	0.0111416
84400	0.0111503
84450	0.0110971
84500	0.011174
84550	0.0111836
84600	0.0112301
84650	0.0112028
84700	0.0112758
84750	0.0112889
84800	0.0113523
84850	0.0117672
84900	0.0114376
84950	0.0113611
85000	0.0113431
85050	0.0113951
85100	0.0114249
85150	0.011466
85200	0.0113764
85250	0.0114569
85300	0.0114646
85350	0.0119596
85400	0.0120368
85450	0.0120493
85500	0.0118798
85550	0.0115807
85600	0.0115913
85650	0.0116011
85700	0.0115492
85750	0.0116504
85800	0.0116342
85850	0.0115764
85900	0.0116549
85950	0.0117034
86000	0.01174
86050	0.0117517
86100	0.0117578
86150	0.0117045
86200	0.011781
86250	0.0117962
86300	0.0117336
86350	0.0118153
86400	0.0118659
86450	0.0118458
86500	0.0119107
86550	0.0119193
86600	0.0119296
86650	0.011902
86700	0.0119522
86750	0.0119663
86800	0.0119039
86850	0.0121504
86900	0.0120899
86950	0.0120682
87000	0.0120153
87050	0.0121452
87100	0.0121052
87150	0.0121131
87200	0.0120539
87250	0.0121347
87300	0.0121903
87350	0.0121544
87400	0.0122298
87450	0.0122412
87500	0.0122531
87550	0.0121951
87600	0.0122769
87650	0.0123111
87700	0.0122936
87750	0.0123523
87800	0.0123165
87850	0.012393
87900	0.0124037
87950	0.0123478
88000	0.0124254
88050	0.0124358
88100	0.0124747
88150	0.0123906
88200	0.0125133
88250	0.0125453
88300	0.012558
88350	0.0125664
88400	0.0125265
88450	0.0125907
88500	0.0125989
88550	0.012612
88600	0.0126523
88650	0.0127764
88700	0.0126578
88750	0.012753
88800	0.0127297
88850	0.0127967
88900	0.0127567
88950	0.0126994
89000	0.0133334
89050	0.0133427
89100	0.0128585
89150	0.0128766
89200	0.012888
89250	0.012831
89300	0.0129096
89350	0.0129185
89400	0.0129317
89450	0.0129685
89500	0.0128864
89550	0.0130177
89600	0.0130427
89650	0.0129869
89700	0.013068
89750	0.0130754
89800	0.0130876
89850	0.0130289
89900	0.0131063
89950	0.0131189
90000	0.0131764
90050	0.0132101
90100	0.013236
90150	0.013236
90200	0.0132716
90250	0.0131864
90300	0.0132657
90350	0.0132768
90400	0.0138124
90450	0.013396
90500	0.0133107
90550	0.0134251
90600	0.0133987
90650	0.0134115
90700	0.0134226
90750	0.0133666
90800	0.0134438
90850	0.0134814
90900	0.0135201
90950	0.0135471
91000	0.0135197
91050	0.0135727
91100	0.0135811
91150	0.0135919
91200	0.0136038
91250	0.0135479
91300	0.0136306
91350	0.0136937
91400	0.0137189
91450	0.0137289
91500	0.0137407
91550	0.0136863
91600	0.013763
91650	0.0137755
91700	0.0137928
91750	0.0137966
91800	0.0138671
91850	0.014292
91900	0.0139937
91950	0.0140768
92000	0.0140054
92050	0.0139518
92100	0.0139505
92150	0.0139606
92200	0.0139033
92250	0.0141975
92300	0.0139905
92350	0.0140639
92400	0.0140815
92450	0.0140874
92500	0.0140976
92550	0.0141106
92600	0.0141208
92650	0.0140652
92700	0.0142056
92750	0.0141644
92800	0.0142376
92850	0.0142467
92900	0.0142879
92950	0.0142713
93000	0.0142825
93050	0.0142901
93100	0.0142377
93150	0.0144715
93200	0.0144166
93250	0.0147222
93300	0.0146309
93350	0.0147375
93400	0.0145335
93450	0.0145442
93500	0.01476
93550	0.0148392
93600	0.0146312
93650	0.014769
93700	0.0148448
93750	0.0147754
93800	0.0147967
93850	0.0148855
93900	0.0147507
93950	0.0147532
94000	0.0146771
94050	0.0147846
94100	0.0149956
94150	0.0150278
94200	0.0147869
94250	0.0147649
94300	0.014776
94350	0.0147872
94400	0.0147302
94450	0.0148073
94500	0.0148828
94550	0.0149016
94600	0.0149108
94650	0.0149257
94700	0.0149319
94750	0.0148793
94800	0.0149544
94850	0.0149666
94900	0.0149732
94950	0.0151143
95000	0.0150281
95050	0.0150718
95100	0.0150004
95150	0.0150701
95200	0.0150574
95250	0.0150633
95300	0.0151571
95350	0.0151734
95400	0.0152116
95450	0.0152329
95500	0.015251
95550	0.0152563
95600	0.0152669
95650	0.0152751
95700	0.0152889
95750	0.0152962
95800	0.0153062
95850	0.0153849
95900	0.0154005
95950	0.015413
96000	0.0153557
96050	0.015431
96100	0.015445
96150	0.0154508
96200	0.0154647
96250	0.0154729
96300	0.0155541
96350	0.0155634
96400	0.0155896
96450	0.0155854
96500	0.01617
96550	0.0157761
96600	0.0157048
96650	0.0156615
96700	0.0156368
96750	0.0157173
96800	0.0157576
96850	0.015736
96900	0.0156877
96950	0.0157585
97000	0.0157675
97050	0.0157595
97100	0.0157882
97150	0.0158013
97200	0.0158755
97250	0.0158952
97300	0.0159318
97350	0.0159148
97400	0.0159249
97450	0.0159389
97500	0.0159426
97550	0.0159504
97600	0.0159624
97650	0.016036
97700	0.016062
97750	0.0160701
97800	0.0160748
97850	0.0161144
97900	0.0160959
97950	0.0161214
98000	0.0167363
98050	0.0163265
98100	0.0162288
98150	0.0162184
98200	0.016229
98250	0.0162395
98300	0.0162462
98350	0.0162575
98400	0.0162654
98450	0.0162757
98500	0.0162845
98550	0.0163603
98600	0.0163797
98650	0.0163886
98700	0.0163994
98750	0.0164363
98800	0.0164157
98850	0.0164244
98900	0.0164332
98950	0.0164464
99000	0.016525
99050	0.0165363
99100	0.0165474
99150	0.0165604
99200	0.0165651
99250	0.0166051
99300	0.0165847
99350	0.0165931
99400	0.0171506
99450	0.0167187
99500	0.0167002
99550	0.0167059
99600	0.0167156
99650	0.0167216
99700	0.0167344
99750	0.0167432
99800	0.0167536
99850	0.0167594
99900	0.0168426
99950	0.0168572
100000	0.0168635
100050	0.0168713
100100	0.0169105
100150	0.0168932
100200	0.0168996
100250	0.0169095
100300	0.0169168
100350	0.0170035
100400	0.0170123
100450	0.0170215
100500	0.0170308
100550	0.0170406
100600	0.0170472
100650	0.017054
100700	0.0175454
100750	0.017302
100800	0.0171584
100850	0.0171672
100900	0.0171772
100950	0.0171849
101000	0.0171921
101050	0.0172022
101100	0.0172114
101150	0.0172166
101200	0.0172944
101250	0.0173104
101300	0.0173232
101350	0.0173601
101400	0.0173389
101450	0.0173481
101500	0.0173554
101550	0.0173638
101600	0.0173716
101650	0.0173831
101700	0.0174683
101750	0.0174813
101800	0.0175111
101850	0.0174949
101900	0.0175041
101950	0.018022
102000	0.0177817
102050	0.0177124
102100	0.0175461
102150	0.0176191
102200	0.0175901
102250	0.017621
102300	0.0176511
102350	0.017656
102400	0.0176628
102450	0.0176681
102500	0.0176826
102550	0.0177564
102600	0.0177735
102650	0.0177847
102700	0.0177968
102750	0.0178659
102800	0.0178096
102850	0.0178217
102900	0.0178233
102950	0.0178327
103000	0.0178428
103050	0.0179333
103100	0.0184288
103150	0.0181485
103200	0.0181532
103250	0.0179758
103300	0.0179719
103350	0.017982
103400	0.0179831
103450	0.0180218
103500	0.018094
103550	0.0180911
103600	0.0181004
103650	0.0181053
103700	0.0181184
103750	0.0181238
103800	0.0181312
103850	0.0181659
103900	0.0181485
103950	0.0182381
104000	0.0182438
104050	0.0183192
104100	0.0182589
104150	0.0182739
104200	0.018277
104250	0.0182866
104300	0.0182939
104350	0.0183052
104400	0.0184693
104450	0.0184705
104500	0.018406
104550	0.0184728
104600	0.0184266
104650	0.0184907
104700	0.0184509
104750	0.0184488
104800	0.018491
104850	0.0185524
104900	0.018586
104950	0.0185682
105000	0.0185714
105050	0.0185792
105100	0.0185869
105150	0.0186009
105200	0.0186083
105250	0.0186803
105300	0.0187045
105350	0.0187112
105400	0.0187218
105450	0.0187272
105500	0.0188054
105550	0.0187463
105600	0.0187533
105650	0.018764
105700	0.0188013
105750	0.0189456
105800	0.0188684
105850	0.0188797
105900	0.0188839
105950	0.0188929
106000	0.0189036
106050	0.018918
106100	0.0189883
106150	0.0189306
106200	0.0190203
106250	0.019093
106300	0.0190639
106350	0.0190488
106400	0.0190534
106450	0.0190615
106500	0.0190713
106550	0.0190804
106600	0.0191522
106650	0.0191795
106700	0.0192513
106750	0.0202537
106800	0.0196122
106850	0.0193123
106900	0.01922
106950	0.0192411
107000	0.0192746
107050	0.0192444
107100	0.0193568
107150	0.01934
107200	0.0193539
107250	0.0193593
107300	0.0193682
107350	0.0193779
107400	0.0194796
107450	0.0193904
107500	0.0194019
107550	0.0195001
107600	0.0195032
107650	0.0195125
107700	0.0195852
107750	0.0195247
107800	0.0195334
107850	0.0195468
107900	0.0195492
107950	0.0195607
108000	0.0197449
108050	0.0196946
108100	0.0197089
108150	0.0196819
108200	0.0196901
108250	0.0197611
108300	0.0197048
108350	0.0197158
108400	0.0197262
108450	0.0198222
108500	0.0198895
108550	0.0198322
108600	0.0198432
108650	0.0198776
108700	0.0198618
108750	0.0199364
108800	0.0198765
108850	0.0198876
108900	0.0199802
108950	0.020009
109000	0.0200599
109050	0.0200029
109100	0.0205089
109150	0.0202857
109200	0.0202838
109250	0.0201036
109300	0.0200488
109350	0.020163
109400	0.0202169
109450	0.0201582
109500	0.0201642
109550	0.0201757
109600	0.0202474
109650	0.020218
109700	0.0201998
109750	0.0202078
109800	0.0203142
109850	0.0203124
109900	0.0203183
109950	0.0203268
110000	0.020402
110050	0.0203455
110100	0.0203519
110150	0.0203617
110200	0.0204362
110250	0.0205543
110300	0.0205761
110350	0.0204941
110400	0.0204957
110450	0.0205054
110500	0.0205785
110550	0.0205208
110600	0.0205291
110650	0.0205392
110700	0.0206472
110750	0.0206403
110800	0.0207198
110850	0.020687
110900	0.0206723
110950	0.0206821
111000	0.0207566
111050	0.0206937
111100	0.0207098
111150	0.0208136
111200	0.0208919
111250	0.0214935
111300	0.0209369
111350	0.0208218
111400	0.0208495
111450	0.020922
111500	0.0208639
111550	0.0210252
111600	0.0209888
111650	0.0209801
111700	0.0210497
111750	0.0210279
111800	0.0210034
111850	0.021081
111900	0.021022
111950	0.0210298
112000	0.0210419
112050	0.0211519
112100	0.0211439
112150	0.0211541
112200	0.0211626
112250	0.0212371
112300	0.0211814
112350	0.0211885
112400	0.0212027
112450	0.0212736
112500	0.0213998
112550	0.0213423
112600	0.0213908
112650	0.0213284
112700	0.0213391
112750	0.0214162
112800	0.0213562
112850	0.0213687
112900	0.0213754
112950	0.0214891
113000	0.0214823
113050	0.0214888
113100	0.0215665
113150	0.0215055
113200	0.0215491
113250	0.0215906
113300	0.0215345
113350	0.0215442
113400	0.0217265
113450	0.0216459
113500	0.021714
113550	0.0218029
113600	0.0216801
113650	0.0216886
113700	0.0217576
113750	0.0217115
113800	0.021712
113850	0.02183
113900	0.0218202
113950	0.0218941
114000	0.0218323
114050	0.0218748
114100	0.0219233
114150	0.0218652
114200	0.0218705
114250	0.0218832
114300	0.0219958
114350	0.0228142
114400	0.0222699
114450	0.0221091
114500	0.0221051
114550	0.0220282
114600	0.0220366
114650	0.0221062
114700	0.0221125
114750	0.0221736
114800	0.0221604
114850	0.0222616
114900	0.0222082
114950	0.0221897
115000	0.0222694
115050	0.0222087
115100	0.0222138
115150	0.0223162
115200	0.0223453
115250	0.0223238
115300	0.022342
115350	0.0224217
115400	0.0223828
115450	0.0223673
115500	0.0229256
115550	0.0226614
115600	0.0224773
115650	0.022535
115700	0.0225041
115750	0.0225114
115800	0.022591
115850	0.022532
115900	0.0225394
115950	0.0226451
116000	0.0225585
116050	0.0226337
116100	0.0226845
116150	0.0226771
116200	0.0227542
116250	0.0226937
116300	0.0227058
116350	0.0227764
116400	0.0227267
116450	0.0227308
116500	0.0228073
116550	0.0229455
116600	0.0229161
116650	0.0228604
116700	0.0228661
116750	0.0229467
116800	0.0228905
116850	0.0229647
116900	0.0229056
116950	0.0229146
117000	0.0230298
117050	0.0229977
117100	0.023076
117150	0.023033
117200	0.0230447
117250	0.0231241
117300	0.0230636
117350	0.0231458
117400	0.0230803
117450	0.0232822
117500	0.0232647
117550	0.0232718
117600	0.0232244
117650	0.023222
117700	0.0232976
117750	0.0232387
117800	0.0233109
117850	0.0232571
117900	0.0233832
117950	0.0233716
118000	0.0234473
118050	0.0233888
118100	0.0233954
118150	0.0234725
118200	0.0234131
118250	0.0234884
118300	0.0234322
118350	0.0236599
118400	0.023553
118450	0.0236629
118500	0.0235975
118550	0.0236723
118600	0.0235843
118650	0.0237491
118700	0.0236022
118750	0.0236133
118800	0.0237464
118850	0.0237872
118900	0.0237308
118950	0.0238382
119000	0.0237527
119050	0.0238308
119100	0.0237735
119150	0.0237855
119200	0.0238505
119250	0.0239897
119300	0.0240285
119350	0.0239082
119400	0.0239139
119450	0.0240214
119500	0.024047
119550	0.0239952
119600	0.0239528
119650	0.0239342
119700	0.0240987
119750	0.0240788
119800	0.0241502
119850	0.0240928
119900	0.024197
119950	0.024124
120000	0.0241939
120050	0.0241392
120100	0.0242078
120150	0.0243165
120200	0.0245942
120250	0.0243136
120300	0.0243614
120350	0.0242853
120400	0.0242915
120450	0.0244577
120500	0.0243261
120550	0.0243901
120600	0.0244504
120650	0.0245015
120700	0.0244453
120750	0.0245226
120800	0.0244668
120850	0.0245443
120900	0.0245149
120950	0.0245628
121000	0.0245093
121050	0.0246377
121100	0.0252465
121150	0.0249693
121200	0.0246769
121250	0.0247231
121300	0.024653
121350	0.0247685
121400	0.0247559
121450	0.0247391
121500	0.0248173
121550	0.0247965
121600	0.0248783
121650	0.0248147
121700	0.0248976
121750	0.0248374
121800	0.0249427
121850	0.0248556
121900	0.0249349
121950	0.0249934
122000	0.0258457
122050	0.0253314
122100	0.0250476
122150	0.025094
122200	0.0250188
122250	0.0250935
122300	0.0250933
122350	0.0251572
122400	0.025181
122450	0.0251615
122500	0.0252388
122550	0.025178
122600	0.0252599
122650	0.025202
122700	0.0253048
122750	0.0252232
122800	0.0252935
122850	0.0253674
122900	0.0260429
122950	0.0254695
123000	0.0254659
123050	0.0253785
123100	0.0254479
123150	0.025419
123200	0.0255799
123250	0.0254898
123300	0.0255516
123350	0.0255274
123400	0.0256016
123450	0.025611
123500	0.0255538
123550	0.0256623
123600	0.0255798
123650	0.025656
123700	0.0255987
123750	0.025792
123800	0.0258587
123850	0.0258264
123900	0.0257317
123950	0.0258057
124000	0.0258472
124050	0.0258445
124100	0.0258328
124150	0.0257794
124200	0.0259226
124250	0.0258993
124300	0.0259726
124350	0.0259814
124400	0.0259541
124450	0.0260001
124500	0.0259429
124550	0.0260192
124600	0.0259586
124650	0.0261768
124700	0.0261605
124750	0.026086
124800	0.0261907
124850	0.0261887
124900	0.0261812
124950	0.0261946
125000	0.026135
125050	0.0262398
125100	0.0262907
125150	0.0262562
125200	0.0263618
125250	0.0262764
125300	0.0263582
125350	0.0263682
125400	0.0263094
125450	0.0263873
125500	0.0263276
125550	0.0265622
125600	0.0265749
125650	0.0266037
125700	0.026474
125750	0.0265433
125800	0.0264857
125850	0.0265633
125900	0.0265725
125950	0.0265151
126000	0.0266593
126050	0.0267005
126100	0.0267099
126150	0.0266578
126200	0.0267307
126250	0.0266709
126300	0.02675
126350	0.0267596
126400	0.0267034
126450	0.0269425
126500	0.0268558
126550	0.0268941
126600	0.0268695
126650	0.0269131
126700	0.0269276
126750	0.0268663
126800	0.0269623
126850	0.0268872
126900	0.0270368
126950	0.027075
127000	0.0270179
127050	0.0270955
127100	0.027195
127150	0.0271807
127200	0.0271337
127250	0.0270729
127300	0.0271403
127350	0.0272976
127400	0.0271977
127450	0.0272731
127500	0.0272793
127550	0.0272382
127600	0.0273065
127650	0.0272434
127700	0.0273216
127750	0.0273577
127800	0.0274064
127850	0.0274499
127900	0.0274627
127950	0.027402
128000	0.0274822
128050	0.0275193
128100	0.0274329
128150	0.0279842
128200	0.0278589
128250	0.0276133
128300	0.0275869
128350	0.0276581
128400	0.0276585
128450	0.0276284
128500	0.0276741
128550	0.0276934
128600	0.027642
128650	0.0277084
128700	0.027794
128750	0.0278411
128800	0.027802
128850	0.028367
128900	0.028112
128950	0.0278677
129000	0.0279047
129050	0.0278872
129100	0.0278609
129150	0.0279841
129200	0.0280192
129250	0.0280342
129300	0.0279761
129350	0.0280502
129400	0.0280616
129450	0.0282422
129500	0.0280466
129550	0.0281021
129600	0.0282468
129650	0.0282636
129700	0.0282439
129750	0.0281647
129800	0.0283017
129850	0.0283388
129900	0.0282041
129950	0.0283141
130000	0.0283168
130050	0.0283706
130100	0.0284373
130150	0.028418
130200	0.0283653
130250	0.0284355
130300	0.0284518
130350	0.028388
130400	0.0284665
130450	0.0284769
130500	0.0286633
130550	0.0284922
130600	0.0286177
130650	0.0286235
130700	0.0285635
130750	0.028667
130800	0.028655
130850	0.0286685
130900	0.0286071
130950	0.0287764
131000	0.0287948
131050	0.0287366
131100	0.0288155
131150	0.0288249
131200	0.0288587
131250	0.0289661
131300	0.0288934
131350	0.0288704
131400	0.0290487
131450	0.0289258
131500	0.0290015
131550	0.0290139
131600	0.0290593
131650	0.02896
131700	0.0290421
131750	0.0290581
131800	0.0290579
131850	0.0291497
131900	0.0291163
131950	0.029222
132000	0.0297134
132050	0.0294833
132100	0.029217
132150	0.0292629
132200	0.0292539
132250	0.0292838
132300	0.0293547
132350	0.029376
132400	0.029325
132450	0.0293992
132500	0.0294118
132550	0.0294517
132600	0.0293629
132650	0.0294407
132700	0.0294548
132750	0.0296317
132800	0.0295885
132850	0.0296524
132900	0.0296364
132950	0.0295534
133000	0.0295827
133050	0.0296424
133100	0.029602
133150	0.0296437
133200	0.0297405
133250	0.0297803
133300	0.0297915
133350	0.0297372
133400	0.0298123
133450	0.0298225
133500	0.0298225
133550	0.0297687
133600	0.0298508
133650	0.0300539
133700	0.029976
133750	0.0299923
133800	0.0299346
133850	0.0300113
133900	0.0300175
133950	0.0300752
134000	0.0300425
134050	0.0299857
134100	0.030151
134150	0.0301733
134200	0.0302051
134250	0.0301269
134300	0.0308243
134350	0.0305509
134400	0.030311
134450	0.0302571
134500	0.0302612
134550	0.0303465
134600	0.0303753
134650	0.030383
134700	0.0303887
134750	0.0303994
134800	0.0304455
134850	0.0303557
134900	0.0304386
134950	0.0304471
135000	0.0306131
135050	0.0306042
135100	0.0306754
135150	0.030604
135200	0.0305507
135250	0.030623
135300	0.0306368
135350	0.0306445
135400	0.0306531
135450	0.0307402
135500	0.0307124
135550	0.0307907
135600	0.0307371
135650	0.0308168
135700	0.0308237
135750	0.0308305
135800	0.0308521
135850	0.0308836
135900	0.031054
135950	0.0310104
136000	0.0309841
136050	0.0309955
136100	0.0310387
136150	0.0309524
136200	0.0311185
136250	0.0310425
136300	0.0310459
136350	0.0311514
136400	0.0311916
136450	0.0322736
136500	0.031249
136550	0.0312521
136600	0.0312236
136650	0.0312676
136700	0.0313254
136750	0.0311947
136800	0.0313582
136850	0.0313833
136900	0.0314213
136950	0.0314053
137000	0.031411
137050	0.0313607
137100	0.0314346
137150	0.0314407
137200	0.0314817
137250	0.0316469
137300	0.0315842
137350	0.0316224
137400	0.0316079
137450	0.0315492
137500	0.0316287
137550	0.0316334
137600	0.031647
137650	0.0316848
137700	0.0317659
137750	0.0317839
137800	0.0317981
137850	0.031808
137900	0.0318241
137950	0.032484
138000	0.0319626
138050	0.0319123
138100	0.0318855
138150	0.0319969
138200	0.0320001
138250	0.0320175
138300	0.0320109
138350	0.0320172
138400	0.0320641
138450	0.0320446
138500	0.0320542
138550	0.0320637
138600	0.0322632
138650	0.0322575
138700	0.0322385
138750	0.0321906
138800	0.0322386
138850	0.0322488
138900	0.0322533
138950	0.0321969
139000	0.0322765
139050	0.0323901
139100	0.0324037
139150	0.0324111
139200	0.0324254
139250	0.0323737
139300	0.0324474
139350	0.0324921
139400	0.0333858
139450	0.0327458
139500	0.0326024
139550	0.0326399
139600	0.0326238
139650	0.032632
139700	0.0326427
139750	0.032669
139800	0.0326669
139850	0.0327038
139900	0.032695
139950	0.0328834
140000	0.0328286
140050	0.0328584
140100	0.0329353
140150	0.0328218
140200	0.032814
140250	0.032875
140300	0.0329174
140350	0.0329036
140400	0.0330131
140450	0.0330308
140500	0.0330352
140550	0.0330478
140600	0.0330627
140650	0.033067
140700	0.0330826
140750	0.0330928
140800	0.03382
140850	0.0332484
140900	0.0332372
140950	0.0332721
141000	0.0332533
141050	0.0332612
141100	0.0332737
141150	0.0333011
141200	0.0333203
141250	0.0332832
141300	0.0334979
141350	0.0334703
141400	0.0335039
141450	0.0335758
141500	0.033465
141550	0.033502
141600	0.0335405
141650	0.033521
141700	0.0335436
141750	0.0336531
141800	0.0336645
141850	0.0336812
141900	0.0336848
141950	0.0337018
142000	0.0337136
142050	0.0337513
142100	0.0337338
142150	0.0345597
142200	0.0338681
142250	0.0338882
142300	0.0338737
142350	0.0338821
142400	0.0338924
142450	0.0339197
142500	0.0339492
142550	0.0339751
142600	0.0339561
142650	0.0341312
142700	0.0341366
142750	0.0341542
142800	0.0341207
142850	0.0341264
142900	0.0341411
142950	0.0341291
143000	0.0341543
143050	0.0341757
143100	0.0343056
143150	0.0343469
143200	0.0343657
143250	0.0343761
143300	0.0343801
143350	0.0344298
143400	0.0349449
143450	0.034665
143500	0.0345024
143550	0.0345652
143600	0.0345636
143650	0.0345767
143700	0.0345904
143750	0.0346051
143800	0.034653
143850	0.0346192
143900	0.0347295
143950	0.0346441
144000	0.0348667
144050	0.0347852
144100	0.0348015
144150	0.0348355
144200	0.0348532
144250	0.0348207
144300	0.0348388
144350	0.0348503
144400	0.0348915
144450	0.0349938
144500	0.0349992
144550	0.0350032
144600	0.0350241
144650	0.0357674
144700	0.0351226
144750	0.0350704
144800	0.0350174
144850	0.035236
144900	0.0352037
144950	0.0352152
145000	0.0352503
145050	0.0352493
145100	0.0352484
145150	0.0352587
145200	0.0353666
145250	0.0352829
145300	0.0352653
145350	0.0354493
145400	0.0353759
145450	0.0354561
145500	0.035402
145550	0.035405
145600	0.0354509
145650	0.035431
145700	0.0354452
145750	0.0354549
145800	0.0356378
145850	0.0358562
145900	0.0356845
145950	0.0356481
146000	0.0357399
146050	0.0357286
146100	0.0356522
146150	0.0356631
146200	0.0356738
146250	0.0358083
146300	0.0358082
146350	0.0358251
146400	0.0358349
146450	0.0359094
146500	0.0358507
146550	0.0358748
146600	0.0359142
146650	0.036418
146700	0.0360787
146750	0.0360628
146800	0.036035
146850	0.0361229
146900	0.0360668
146950	0.0360785
147000	0.0361125
147050	0.0361019
147100	0.036123
147150	0.0363212
147200	0.0363091
147250	0.0362122
147300	0.0362766
147350	0.0362803
147400	0.0363485
147450	0.0362861
147500	0.0362512
147550	0.0362728
147600	0.0364645
147650	0.036532
147700	0.0365089
147750	0.0369763
147800	0.0368519
147850	0.0366175
147900	0.0366283
147950	0.0365734
148000	0.036638
148050	0.0366769
148100	0.0367882
148150	0.0367023
148200	0.0367156
148250	0.0367374
148300	0.0367359
148350	0.0368147
148400	0.036763
148450	0.03677
148500	0.0377631
148550	0.037912
148600	0.0379924
148650	0.037293
148700	0.0369467
148750	0.0369571
148800	0.0370414
148850	0.0369817
148900	0.0370191
148950	0.0372105
149000	0.0371828
149050	0.0372138
149100	0.0371951
149150	0.0371839
149200	0.0371808
149250	0.0371957
149300	0.0372124
149350	0.0372841
149400	0.0373566
149450	0.0373489
149500	0.0373621
149550	0.0374114
149600	0.0380661
149650	0.0375412
149700	0.0374769
149750	0.0374601
149800	0.0375903
149850	0.0375759
149900	0.0375792
149950	0.0376176
150000	0.037601
150050	0.0376793
150100	0.0377148
150150	0.037663
150200	0.0376523
150250	0.0377304
150300	0.0378837
150350	0.037804
150400	0.0378847
150450	0.0378487
150500	0.0378453
150550	0.0378481
150600	0.0379312
150650	0.0378788
150700	0.037909
150750	0.0381094
150800	0.0381523
150850	0.0380315
150900	0.0380866
150950	0.0380373
151000	0.0380284
151050	0.0380888
151100	0.0381497
151150	0.0381106
151200	0.0382523
151250	0.038317
151300	0.038298
151350	0.0388394
151400	0.0387529
151450	0.0383788
151500	0.0383526
151550	0.0385108
151600	0.0383588
151650	0.03851
151700	0.0385101
151750	0.0385132
151800	0.0385738
151850	0.0385327
151900	0.0385528
151950	0.0386133
152000	0.0385603
152050	0.038595
152100	0.0387884
152150	0.038744
152200	0.0388013
152250	0.0387438
152300	0.0387565
152350	0.0388293
152400	0.038806
152450	0.0387882
152500	0.0388727
152550	0.039035
152600	0.0389534
152650	0.0389503
152700	0.0389636
152750	0.0389667
152800	0.0390619
152850	0.0390309
152900	0.0390163
152950	0.0390987
153000	0.0392122
153050	0.0394267
153100	0.0393343
153150	0.0392199
153200	0.039245
153250	0.0393686
153300	0.0392281
153350	0.0391718
153400	0.0392458
153450	0.0394011
153500	0.0393978
153550	0.0394883
153600	0.0393605
153650	0.0394445
153700	0.0395049
153750	0.041079
153800	0.0396097
153850	0.0394826
153900	0.0396388
153950	0.0396077
154000	0.0396383
154050	0.0397538
154100	0.0396645
154150	0.0397427
154200	0.0396841
154250	0.0396955
154300	0.0398409
154350	0.039945
154400	0.0399179
154450	0.0398661
154500	0.0399733
154550	0.0398897
154600	0.0399034
154650	0.0399843
154700	0.0399327
154750	0.0400425
154800	0.0401776
154850	0.0401651
154900	0.0401051
154950	0.0401827
155000	0.0401301
155050	0.0402033
155100	0.040148
155150	0.0401902
155200	0.0402359
155250	0.0403283
155300	0.0410868
155350	0.0405268
155400	0.040401
155450	0.0404755
155500	0.0404215
155550	0.0404031
155600	0.0404125
155650	0.0403493
155700	0.0405625
155750	0.0405838
155800	0.0405638
155850	0.0406558
155900	0.0406225
155950	0.0411612
156000	0.0409657
156050	0.0407877
156100	0.0406751
156150	0.0408046
156200	0.040845
156250	0.0408304
156300	0.0408799
156350	0.0408225
156400	0.0408991
156450	0.0408491
156500	0.04092
156550	0.0408814
156600	0.0411164
156650	0.0410486
156700	0.0410909
156750	0.0410429
156800	0.0411265
156850	0.0410658
156900	0.0410995
156950	0.0411605
157000	0.0411009
157050	0.0413525
157100	0.0413143
157150	0.0412724
157200	0.0413506
157250	0.0412845
157300	0.04139
157350	0.041317
157400	0.0413889
157450	0.041347
157500	0.0415787
157550	0.0415273
157600	0.0416595
157650	0.0414763
157700	0.0415664
157750	0.0415373
157800	0.0416212
157850	0.0415816
157900	0.0416451
157950	0.0417367
158000	0.0417649
158050	0.0424461
158100	0.0421303
158150	0.0418422
158200	0.0418946
158250	0.0419018
158300	0.0418778
158350	0.0417627
158400	0.0419677
158450	0.0420208
158500	0.0419779
158550	0.0420546
158600	0.0419878
158650	0.0420761
158700	0.0426744
158750	0.0423922
158800	0.0421883
158850	0.0422207
158900	0.042251
158950	0.0422386
159000	0.0422941
159050	0.04223
159100	0.042319
159150	0.0422586
159200	0.0423342
159250	0.0422785
159300	0.0425501
159350	0.0424422
159400	0.0425237
159450	0.0425371
159500	0.0424858
159550	0.0425549
159600	0.0425366
159650	0.0425919
159700	0.0425292
159750	0.0427917
159800	0.0427513
159850	0.0426891
159900	0.0427726
159950	0.0427505
160000	0.042797
160050	0.0428079
160100	0.0427611
160150	0.0428354
160200	0.0430298
160250	0.0429546
160300	0.0430292
160350	0.0429794
160400	0.0430217
160450	0.0430335
160500	0.0429725
160550	0.0430831
160600	0.043012
160650	0.0432394
160700	0.0433603
160750	0.0433016
160800	0.0432419
160850	0.0433004
160900	0.0432439
160950	0.0432889
161000	0.0432998
161050	0.0432456
161100	0.0434173
161150	0.0434586
161200	0.043502
161250	0.0441889
161300	0.0436061
161350	0.0435841
161400	0.0435508
161450	0.0435759
161500	0.0435181
161550	0.0436643
161600	0.0436358
161650	0.0437171
161700	0.04373
161750	0.0436787
161800	0.043764
161850	0.0446077
161900	0.0438258
161950	0.0440664
162000	0.0439413
162050	0.0439123
162100	0.0439636
162150	0.0439182
162200	0.043999
162250	0.0439992
162300	0.043951
162350	0.0440678
162400	0.0444545
162450	0.0442221
162500	0.0441313
162550	0.044203
162600	0.0441477
162650	0.0442597
162700	0.0442407
162750	0.0441921
162800	0.0442669
162850	0.0442772
162900	0.0444775
162950	0.0443719
163000	0.0444802
163050	0.0444642
163100	0.0444087
163150	0.044487
163200	0.0444936
163250	0.0444725
163300	0.044524
163350	0.0447337
163400	0.0446823
163450	0.0446995
163500	0.0446394
163550	0.0447442
163600	0.0447323
163650	0.0446743
163700	0.0447527
163750	0.0447697
163800	0.0449675
163850	0.044959
163900	0.0449693
163950	0.0448955
164000	0.0449693
164050	0.0449904
164100	0.0449467
164150	0.0450029
164200	0.0450128
164250	0.0452164
164300	0.0452716
164350	0.0451733
164400	0.0451629
164450	0.0452402
164500	0.0452244
164550	0.0452748
164600	0.0451845
164650	0.0452879
164700	0.0454601
164750	0.0454702
164800	0.0454977
164850	0.0455159
164900	0.045511
164950	0.0454328
165000	0.0454797
165050	0.0455016
165100	0.0455095
165150	0.0456154
165200	0.0456837
165250	0.0463687
165300	0.0459566
165350	0.0457232
165400	0.0458631
165450	0.0457672
165500	0.0457764
165550	0.0457262
165600	0.0458721
165650	0.0458989
165700	0.0459155
165750	0.0459577
165800	0.0467151
165850	0.0459821
165900	0.0460339
165950	0.046099
166000	0.045973
166050	0.0461428
166100	0.0461709
166150	0.0461526
166200	0.0461906
166250	0.0462679
166300	0.0466584
166350	0.0465988
166400	0.0462502
166450	0.0463324
166500	0.0463881
166550	0.0464046
166600	0.0464242
166650	0.0464415
166700	0.0464362
166750	0.0463872
166800	0.0464719
166850	0.0471927
166900	0.046656
166950	0.0466338
167000	0.0466503
167050	0.0466874
167100	0.0466785
167150	0.046698
167200	0.0466354
167250	0.0469209
167300	0.0469002
167350	0.0472557
167400	0.046907
167450	0.0468389
167500	0.0469116
167550	0.0469577
167600	0.0469397
167650	0.0469546
167700	0.0470285
167750	0.046922
167800	0.0470009
167850	0.0472037
167900	0.0471422
167950	0.0471534
168000	0.0471748
168050	0.047115
168100	0.0472296
168150	0.0472159
168200	0.0472301
168250	0.0472399
168300	0.047487
168350	0.0474169
168400	0.0474205
168450	0.047431
168500	0.0473663
168550	0.0474593
168600	0.0474943
168650	0.0474765
168700	0.0475004
168750	0.0477221
168800	0.0476508
168850	0.0476963
168900	0.0476786
168950	0.0476994
169000	0.0476305
169050	0.0477081
169100	0.0477599
169150	0.0477436
169200	0.0479679
169250	0.0478446
169300	0.0479499
169350	0.0479406
169400	0.0479488
169450	0.0479697
169500	0.0479762
169550	0.0479883
169600	0.0480367
169650	0.0482293
169700	0.0481515
169750	0.0481675
169800	0.0482135
169850	0.0481948
169900	0.048203
169950	0.0482196
170000	0.0482369
170050	0.0482082
170100	0.0484809
170150	0.0484172
170200	0.0484296
170250	0.0484292
170300	0.0484774
170350	0.0484613
170400	0.0484742
170450	0.0484816
170500	0.0485037
170550	0.0487219
170600	0.0486825
170650	0.0486827
170700	0.0486252
170750	0.0486936
170800	0.0487381
170850	0.0487331
170900	0.0487413
170950	0.0487486
171000	0.0489791
171050	0.0488472
171100	0.0489371
171150	0.0489262
171200	0.0488799
171250	0.0489247
171300	0.0489304
171350	0.0489296
171400	0.0490092
171450	0.0492308
171500	0.0493858
171550	0.0492461
171600	0.049232
171650	0.0492186
171700	0.0492646
171750	0.0492442
171800	0.0492676
171850	0.0492698
171900	0.0495171
171950	0.0494963
172000	0.0494577
172050	0.049574
172100	0.0493351
172150	0.0495195
172200	0.0495083
172250	0.049512
172300	0.0495266
172350	0.049756
172400	0.0497211
172450	0.0497047
172500	0.0497164
172550	0.0497534
172600	0.0497465
172650	0.0497805
172700	0.0497739
172750	0.0497856
172800	0.0500146
172850	0.0499301
172900	0.0499978
172950	0.0499758
173000	0.0500126
173050	0.0500316
173100	0.0500132
173150	0.050035
173200	0.0500486
173250	0.0502741
173300	0.050235
173350	0.0502283
173400	0.0502574
173450	0.0502509
173500	0.0502645
173550	0.0503033
173600	0.0502873
173650	0.0503041
173700	0.0505417
173750	0.050524
173800	0.0504889
173850	0.0504947
173900	0.050514
173950	0.0505538
174000	0.0505328
174050	0.0505501
174100	0.0505567
174150	0.0507897
174200	0.0507543
174250	0.0507387
174300	0.0507453
174350	0.0507777
174400	0.050806
174450	0.0507858
174500	0.050801
174550	0.0508226
174600	0.0510527
174650	0.0509749
174700	0.0510202
174750	0.0510019
174800	0.0510602
174850	0.0510269
174900	0.0510421
174950	0.0510405
175000	0.0510589
175050	0.0513125
175100	0.051243
175150	0.0512461
175200	0.0512551
175250	0.0514565
175300	0.0512854
175350	0.0512977
175400	0.0513048
175450	0.0513195
175500	0.0515845
175550	0.0514991
175600	0.0515026
175650	0.0515527
175700	0.0515353
175750	0.0515439
175800	0.0516271
175850	0.0515706
175900	0.0516065
175950	0.0518289
176000	0.0517631
176050	0.0517711
176100	0.0518206
176150	0.0517991
176200	0.0518768
176250	0.0518173
176300	0.0518271
176350	0.0518774
176400	0.0520948
176450	0.0520896
176500	0.0520695
176550	0.0520432
176600	0.0520444
176650	0.0520665
176700	0.0520902
176750	0.052141
176800	0.0521253
176850	0.0523727
176900	0.052304
176950	0.052318
177000	0.0523861
177050	0.052328
177100	0.0523323
177150	0.0523764
177200	0.052372
177250	0.0523896
177300	0.0526303
177350	0.0525515
177400	0.0525452
177450	0.052639
177500	0.0525849
177550	0.0526215
177600	0.0526188
177650	0.0526273
177700	0.0526369
177750	0.0528969
177800	0.0527947
177850	0.0528146
177900	0.0528246
177950	0.0528728
178000	0.0528674
178050	0.0529424
178100	0.0528802
178150	0.0529314
178200	0.0531529
178250	0.0530539
178300	0.0531422
178350	0.0531214
178400	0.053112
178450	0.0531279
178500	0.0531369
178550	0.0531737
178600	0.0538945
178650	0.0533447
178700	0.0533248
178750	0.0534437
178800	0.053356
178850	0.053379
178900	0.0533877
178950	0.0534266
179000	0.0542851
179050	0.0535721
179100	0.0536111
179150	0.0536762
179200	0.05362
179250	0.0536286
179300	0.0536428
179350	0.0539247
179400	0.0543745
179450	0.0537888
179500	0.0537997
179550	0.0538679
179600	0.0538917
179650	0.0538887
179700	0.0539879
179750	0.0546229
179800	0.0540619
179850	0.053999
179900	0.0541205
179950	0.053979
180000	0.0541403
180050	0.0541372
180100	0.0542624
180150	0.0549686
180200	0.0542838
180250	0.0542829
180300	0.0543282
180350	0.0542449
180400	0.0542373
180450	0.0544019
180500	0.055224
180550	0.054554
180600	0.0545471
180650	0.0545975
180700	0.0544836
180750	0.0545472
180800	0.0545015
180850	0.0545054
180900	0.0547508
180950	0.0547617
181000	0.054832
181050	0.0545678
181100	0.0547392
181150	0.0547361
181200	0.0548139
181250	0.0547606
181300	0.0547894
181350	0.0550387
181400	0.0549298
181450	0.0550021
181500	0.0550838
181550	0.0549916
181600	0.0550122
181650	0.0551077
181700	0.055042
181750	0.0550398
181800	0.0553087
181850	0.0552194
181900	0.0553153
181950	0.0552847
182000	0.0552917
182050	0.0553238
182100	0.0552853
182150	0.0553206
182200	0.0553847
182250	0.0556593
182300	0.0554871
182350	0.0555467
182400	0.0555924
182450	0.0555183
182500	0.0555488
182550	0.0556418
182600	0.0556069
182650	0.0556007
182700	0.0558626
182750	0.0557433
182800	0.0557646
182850	0.0558528
182900	0.0558229
182950	0.0558397
183000	0.0558921
183050	0.0558356
183100	0.0558652
183150	0.0561635
183200	0.0560279
183250	0.0560322
183300	0.056169
183350	0.0560507
183400	0.0561533
183450	0.0560684
183500	0.056718
183550	0.0565253
183600	0.0563023
183650	0.0563787
183700	0.0563512
183750	0.056321
183800	0.0564364
183850	0.0571372
183900	0.0565762
183950	0.0564846
184000	0.0565076
184050	0.0565864
184100	0.0566409
184150	0.0565842
184200	0.0574513
184250	0.0567992
184300	0.0567362
184350	0.0567438
184400	0.0584728
184450	0.0578853
184500	0.0580387
184550	0.0581421
184600	0.0580798
184650	0.0580402
184700	0.0580433
184750	0.0581215
184800	0.0580451
184850	0.0581175
184900	0.0580849
184950	0.0583427
185000	0.0583083
185050	0.0582876
185100	0.0583516
185150	0.0582878
185200	0.0583897
185250	0.0583163
185300	0.0583823
185350	0.0583509
185400	0.0586382
185450	0.0585292
185500	0.058637
185550	0.0585546
185600	0.0586226
185650	0.0585702
185700	0.0586624
185750	0.0586465
185800	0.0587068
185850	0.0589044
185900	0.0587843
185950	0.0587258
186000	0.0588023
186050	0.0587852
186100	0.0588487
186150	0.0587664
186200	0.0588825
186250	0.0594133
186300	0.059044
186350	0.0590134
186400	0.0590791
186450	0.0590138
186500	0.0590884
186550	0.0598406
186600	0.0593468
186650	0.0592341
186700	0.0592132
186750	0.0592928
186800	0.0593725
186850	0.0600116
186900	0.0595395
186950	0.0593997
187000	0.0595197
187050	0.0593714
187100	0.0594981
187150	0.0594618
187200	0.0596436
187250	0.059713
187300	0.0596814
187350	0.059613
187400	0.0596844
187450	0.0596139
187500	0.0597082
187550	0.0597412
187600	0.059666
187650	0.0599371
187700	0.0599399
187750	0.0598545
187800	0.059964
187850	0.0599304
187900	0.0599006
187950	0.0599721
188000	0.0598597
188050	0.060033
188100	0.0602349
188150	0.0602008
188200	0.0601742
188250	0.0601398
188300	0.0602368
188350	0.0602015
188400	0.060273
188450	0.0602715
188500	0.0602739
188550	0.0605299
188600	0.06051
188650	0.0604306
188700	0.0605277
188750	0.0604616
188800	0.061101
188850	0.0609105
188900	0.06057
188950	0.0607151
189000	0.0607243
189050	0.0607307
189100	0.0615444
189150	0.0609031
189200	0.0608975
189250	0.0609135
189300	0.0608757
189350	0.0607983
189400	0.0608838
189450	0.0610988
189500	0.0611567
189550	0.0609722
189600	0.0611323
189650	0.0611077
189700	0.0610743
189750	0.0611647
189800	0.0611687
189850	0.0611121
189900	0.0614006
189950	0.061302
190000	0.0614033
190050	0.0613783
190100	0.0613378
190150	0.0614036
190200	0.0614135
190250	0.0613955
190300	0.0616775
190350	0.0616904
190400	0.0616244
190450	0.0616395
190500	0.0616886
190550	0.0616116
190600	0.0616968
190650	0.0617534
190700	0.0624118
190750	0.0620467
190800	0.0619079
190850	0.0618542
190900	0.0619441
190950	0.0626837
191000	0.0621797
191050	0.0620655
191100	0.06199
191150	0.0620248
191200	0.0620664
191250	0.0622686
191300	0.062335
191350	0.0623285
191400	0.0622368
191450	0.0622465
191500	0.0623356
191550	0.0622913
191600	0.0623525
191650	0.0622545
191700	0.0625712
191750	0.0625203
191800	0.0625237
191850	0.0625759
191900	0.0624847
191950	0.0625669
192000	0.0625983
192050	0.0626074
192100	0.0625386
192150	0.0628955
192200	0.0627362
192250	0.0628097
192300	0.0628523
192350	0.0628527
192400	0.0627828
192450	0.0629092
192500	0.0636039
192550	0.0630489
192600	0.0630731
192650	0.0630943
192700	0.0631548
192750	0.0639683
192800	0.0633374
192850	0.0633056
192900	0.0632806
192950	0.0632343
193000	0.0632446
193050	0.0634266
193100	0.0635192
193150	0.0634432
193200	0.0634574
193250	0.0634389
193300	0.0633845
193350	0.0635049
193400	0.0634769
193450	0.0634923
193500	0.0637553
193550	0.0637022
193600	0.0636611
193650	0.0637212
193700	0.063725
193750	0.0637501
193800	0.0637667
193850	0.0637519
193900	0.0638727
193950	0.0640389
194000	0.0639831
194050	0.0640239
194100	0.0641157
194150	0.0640807
194200	0.0641168
194250	0.0648253
194300	0.0641274
194350	0.0642876
194400	0.0642551
194450	0.0647986
194500	0.0645693
194550	0.0644989
194600	0.0643679
194650	0.064288
194700	0.0643979
194750	0.0643723
194800	0.0643397
194850	0.0646339
194900	0.0646256
194950	0.0646033
195000	0.0646024
195050	0.0645835
195100	0.0646453
195150	0.0646566
195200	0.0646704
195250	0.0646772
195300	0.0649542
195350	0.0648783
195400	0.0648836
195450	0.0648411
195500	0.0649798
195550	0.0649703
195600	0.0649701
195650	0.0650088
195700	0.0657763
195750	0.0651745
195800	0.0651127
195850	0.0651718
195900	0.0660189
195950	0.0653033
196000	0.0653682
196050	0.0652257
196100	0.0652687
196150	0.0653172
196200	0.065553
196250	0.0655605
196300	0.0655313
196350	0.0655304
196400	0.065519
196450	0.0655628
196500	0.0655569
196550	0.0655687
196600	0.0655548
196650	0.0658278
196700	0.065834
196750	0.0657735
196800	0.0657916
196850	0.0658215
196900	0.0658641
196950	0.0658418
197000	0.0658533
197050	0.065904
197100	0.0661463
197150	0.0660686
197200	0.0660876
197250	0.0660829
197300	0.0669449
197350	0.0662372
197400	0.0663068
197450	0.0661606
197500	0.0662182
197550	0.0664223
197600	0.0665164
197650	0.0664161
197700	0.066467
197750	0.0664378
197800	0.0664251
197850	0.0664707
197900	0.066469
197950	0.0664765
198000	0.0667455
198050	0.0666954
198100	0.0666754
198150	0.0667071
198200	0.0667127
198250	0.0667293
198300	0.0667955
198350	0.0667632
198400	0.0668084
198450	0.0670142
198500	0.066984
198550	0.0669906
198600	0.0670692
198650	0.0678031
198700	0.067119
198750	0.0671739
198800	0.0670914
198850	0.0671569
198900	0.0673193
198950	0.067395
199000	0.0672576
199050	0.067393
199100	0.0672082
199150	0.067357
199200	0.0673327
199250	0.0673639
199300	0.0673846
199350	0.0676467
199400	0.0675269
199450	0.0675986
199500	0.0676004
199550	0.0676208
199600	0.0676575
199650	0.0677232
199700	0.0677075
199750	0.0683831
199800	0.0678982
199850	0.0678706
199900	0.0679174
199950	0.0687093
200000	0.0680381
200050	0.0680689
200100	0.0679532
200150	0.067995
200200	0.0680207
200250	0.0682497
200300	0.0682751
200350	0.0682497
200400	0.0682139
200450	0.0682615
200500	0.0682251
200550	0.0682577
200600	0.0682594
200650	0.0683005
200700	0.0685689
200750	0.0684205
200800	0.0684707
200850	0.068513
200900	0.0685775
200950	0.068547
201000	0.0685558
201050	0.0693927
201100	0.0687309
201150	0.0687941
201200	0.0693613
201250	0.0692474
201300	0.0690192
201350	0.0689067
201400	0.0688702
201450	0.0689008
201500	0.0688171
201550	0.0689413
201600	0.0691908
201650	0.0692273
201700	0.0691581
201750	0.0691443
201800	0.0692156
201850	0.069156
201900	0.0691861
201950	0.0692185
202000	0.0692182
202050	0.0694776
202100	0.0693739
202150	0.0695055
202200	0.0694012
202250	0.0694534
202300	0.0703129
202350	0.0695829
202400	0.0696699
202450	0.0696589
202500	0.069797
202550	0.0699018
202600	0.0697203
202650	0.0697346
202700	0.0698807
202750	0.0698322
202800	0.0698236
202850	0.0698133
202900	0.0698282
202950	0.0701188
203000	0.0700214
203050	0.0700368
203100	0.070132
203150	0.0700702
203200	0.0701245
203250	0.0701101
203300	0.0701755
203350	0.0711142
203400	0.0703507
203450	0.0704369
203500	0.0719246
203550	0.0704959
203600	0.0706392
203650	0.0704671
203700	0.0705147
203750	0.0704468
203800	0.0704844
203850	0.0707321
203900	0.0706923
203950	0.0707245
204000	0.0708116
204050	0.0707072
204100	0.070708
204150	0.0707945
204200	0.0707522
204250	0.0708402
204300	0.0710383
204350	0.071044
204400	0.0709788
204450	0.0709831
204500	0.0718517
204550	0.0712358
204600	0.0712104
204650	0.0710128
204700	0.0710793
204750	0.0713817
204800	0.0713399
204850	0.0713293
204900	0.0714086
204950	0.0713511
205000	0.0713559
205050	0.0714211
205100	0.0713701
205150	0.0713699
205200	0.0716677
205250	0.0715823
205300	0.0715807
205350	0.0717298
205400	0.071622
205450	0.0716765
205500	0.0724913
205550	0.0717922
205600	0.0719287
205650	0.0719633
205700	0.0719986
205750	0.0721263
205800	0.0719461
205850	0.0719298
205900	0.0720748
205950	0.0719977
206000	0.0720009
206050	0.0720873
206100	0.072294
206150	0.0722038
206200	0.0722993
206250	0.0722956
206300	0.0722645
206350	0.0722942
206400	0.0723526
206450	0.0723362
206500	0.0732013
206550	0.0725495
206600	0.0730312
206650	0.0729065
206700	0.0727571
206750	0.0727076
206800	0.0726173
206850	0.0726836
206900	0.0726192
206950	0.0726608
207000	0.0729233
207050	0.0728314
207100	0.0729359
207150	0.0728833
207200	0.0728825
207250	0.0729547
207300	0.0729373
207350	0.073007
207400	0.0729889
207450	0.0732865
207500	0.0731479
207550	0.0733536
207600	0.0738688
207650	0.0733318
207700	0.0733869
207750	0.0732351
207800	0.0733558
207850	0.073261
207900	0.0735541
207950	0.0734984
208000	0.0735629
208050	0.0735028
208100	0.0735688
208150	0.0735414
208200	0.0735227
208250	0.073641
208300	0.0735825
208350	0.0738704
208400	0.0738754
208450	0.0738054
208500	0.0745559
208550	0.0740772
208600	0.0740888
208650	0.073983
208700	0.073999
208750	0.073922
208800	0.0741718
208850	0.074165
208900	0.0741056
208950	0.0742316
209000	0.0741415
209050	0.0742089
209100	0.074187
209150	0.0742496
209200	0.0742485
209250	0.0745052
209300	0.0744214
209350	0.0744817
209400	0.0744672
209450	0.0752977
209500	0.074603
209550	0.0746532
209600	0.0745324
209650	0.0745495
209700	0.0748275
209750	0.0748277
209800	0.074776
209850	0.0748546
209900	0.0748046
209950	0.0748524
210000	0.0748173
210050	0.0749035
210100	0.0752451
210150	0.0751519
210200	0.0751507
210250	0.0750573
210300	0.0751753
210350	0.0759914
210400	0.0752387
210450	0.0753276
210500	0.0751501
210550	0.0752323
210600	0.0754696
210650	0.075363
210700	0.0754962
210750	0.075401
210800	0.0754565
210850	0.07551
210900	0.0754422
210950	0.075548
211000	0.0756774
211050	0.0759117
211100	0.0758304
211150	0.0758906
211200	0.0763106
211250	0.0761852
211300	0.0761175
211350	0.0759248
211400	0.075999
211450	0.07596
211500	0.0762642
211550	0.0762455
211600	0.0761682
211650	0.0762342
211700	0.0761668
211750	0.0762724
211800	0.0763012
211850	0.0762603
211900	0.0763389
211950	0.0764548
212000	0.076322
212050	0.0764273
212100	0.0772685
212150	0.0765459
212200	0.0766208
212250	0.076514
212300	0.0765755
212350	0.0765237
212400	0.0767404
212450	0.0765963
212500	0.0767212
212550	0.0767117
212600	0.0767343
212650	0.0767805
212700	0.0768313
212750	0.076787
212800	0.076851
212850	0.0770647
212900	0.0770451
212950	0.0778191
213000	0.0771433
213050	0.0772089
213100	0.0770795
213150	0.0771785
213200	0.0771489
213250	0.0771229
213300	0.077431
213350	0.077362
213400	0.0773322
213450	0.077398
213500	0.0774113
213550	0.0773902
213600	0.0774728
213650	0.0775851
213700	0.0782075
213750	0.0777256
213800	0.0780385
213850	0.0778816
213900	0.077684
213950	0.0777869
214000	0.0778553
214050	0.0777754
214100	0.0777914
214150	0.0778257
214200	0.0781028
214250	0.0779739
214300	0.0780461
214350	0.078134
214400	0.0781385
214450	0.0780865
214500	0.078876
214550	0.0783298
214600	0.0782519
214650	0.0784303
214700	0.0785053
214750	0.0782978
214800	0.0784188
214850	0.0784108
214900	0.0783744
214950	0.0784419
215000	0.0784589
215050	0.0784006
215100	0.0787277
215150	0.078689
215200	0.0787178
215250	0.0786431
215300	0.0794607
215350	0.0790591
215400	0.0789187
215450	0.0787192
215500	0.0788424
215550	0.0790439
215600	0.0790682
215650	0.0789892
215700	0.0790725
215750	0.0790487
215800	0.079088
215850	0.0790112
215900	0.0791031
215950	0.0791713
216000	0.0794002
216050	0.0793469
216100	0.0801315
216150	0.0794724
216200	0.0795277
216250	0.0794613
216300	0.0794162
216350	0.0794234
216400	0.0794913
216450	0.0797292
216500	0.0796197
216550	0.0796709
216600	0.0796866
216650	0.0797006
216700	0.07978
216750	0.079685
216800	0.0804964
216850	0.0800582
216900	0.0800484
216950	0.0800748
217000	0.080141
217050	0.0800818
217100	0.0800809
217150	0.0800681
217200	0.0800338
217250	0.0800939
217300	0.0801248
217350	0.0803887
217400	0.0803244
217450	0.0803189
217500	0.0803032
217550	0.080396
217600	0.0813238
217650	0.08055
217700	0.0805335
217750	0.0804813
217800	0.0807204
217850	0.0806628
217900	0.0806388
217950	0.0807225
218000	0.0807034
218050	0.0807222
218100	0.0807332
218150	0.0807481
218200	0.0807565
218250	0.0810576
218300	0.0810157
218350	0.0819157
218400	0.0811091
218450	0.0811139
218500	0.0810945
218550	0.081149
218600	0.0811077
218650	0.0811154
218700	0.0813827
218750	0.0813127
218800	0.0813192
218850	0.0813289
218900	0.0813823
218950	0.0814229
219000	0.0820714
219050	0.0816273
219100	0.0816195
219150	0.0817091
219200	0.0817455
219250	0.0816837
219300	0.0816888
219350	0.081724
219400	0.0817127
219450	0.0817206
219500	0.0817435
219550	0.0817595
219600	0.08204
219650	0.0820055
219700	0.0819932
219750	0.082779
219800	0.082141
219850	0.0822065
219900	0.0821138
219950	0.0820559
220000	0.0821361
220050	0.082383
220100	0.0823582
220150	0.0823229
220200	0.0823571
220250	0.0823573
220300	0.0823758
220350	0.0824117
220400	0.083128
220450	0.0826701
220500	0.0827363
220550	0.0827988
220600	0.0827386
220650	0.0826649
220700	0.0826767
220750	0.0827327
220800	0.0827523
220850	0.0827706
220900	0.0827457
220950	0.0830485
221000	0.0829997
221050	0.0830287
221100	0.0841799
221150	0.0835206
221200	0.0832389
221250	0.0831201
221300	0.0831083
221350	0.0832135
221400	0.0833951
221450	0.0832511
221500	0.0833124
221550	0.0833122
221600	0.0832736
221650	0.0833054
221700	0.0834043
221750	0.0839964
221800	0.0837306
221850	0.0837337
221900	0.0838081
221950	0.0837288
222000	0.0837064
222050	0.0837533
222100	0.0837642
222150	0.0837154
222200	0.0837631
222250	0.0837869
222300	0.0840656
222350	0.0839645
222400	0.0840531
222450	0.0848027
222500	0.084208
222550	0.0842868
222600	0.0841702
222650	0.084239
222700	0.0841274
222750	0.0844321
222800	0.0844295
222850	0.0843543
222900	0.084343
222950	0.0843808
223000	0.0844307
223050	0.0844432
223100	0.0852775
223150	0.0847711
223200	0.0847714
223250	0.0848342
223300	0.0847521
223350	0.0847481
223400	0.0847998
223450	0.0848287
223500	0.0848
223550	0.0847666
223600	0.0848007
223650	0.0850865
223700	0.0850268
223750	0.0858026
223800	0.0853287
223850	0.0853292
223900	0.0851765
223950	0.085137
224000	0.0851325
224050	0.0851553
224100	0.0854434
224150	0.0853604
224200	0.0853887
224250	0.085365
224300	0.0854379
224350	0.0854667
224400	0.0862783
224450	0.0856532
224500	0.0856788
224550	0.0858019
224600	0.0857766
224650	0.0857632
224700	0.0857516
224750	0.0857584
224800	0.0857641
224850	0.0858026
224900	0.0858429
224950	0.0859451
225000	0.0861163
225050	0.0868953
225100	0.0862047
225150	0.0861716
225200	0.0861446
225250	0.0861546
225300	0.0862434
225350	0.0861546
225400	0.0861524
225450	0.0864917
