100000	0.091121
200000	0.139179
300000	0.190690
400000	0.230452
500000	0.270611
600000	0.329858
700000	0.368850
800000	0.407868
900000	0.447488
1000000	0.487584
1100000	0.561580
1200000	0.601643
1300000	0.641269
1400000	0.680544
1500000	0.719522
1600000	0.758442
1700000	0.798070
1800000	0.837324
1900000	0.876366
2000000	0.916495
2100000	1.026411
2200000	1.067614
2300000	1.110523
2400000	1.150538
2500000	1.190650
2600000	1.231157
2700000	1.271131
2800000	1.310888
2900000	1.350368
3000000	1.390093
3100000	1.429381
3200000	1.468507
3300000	1.508352
3400000	1.548144
3500000	1.587823
3600000	1.626996
3700000	1.666496
3800000	1.706167
3900000	1.746370
4000000	1.786744
4100000	1.827476
4200000	2.046792
4300000	2.086778
4400000	2.127179
4500000	2.167559
4600000	2.207839
4700000	2.248332
4800000	2.288682
4900000	2.328919
5000000	2.369289
5100000	2.410042
5200000	2.450599
5300000	2.491072
5400000	2.531336
5500000	2.571809
5600000	2.612264
5700000	2.652590
5800000	2.693045
5900000	2.733270
6000000	2.773867
6100000	2.814208
6200000	2.855191
6300000	2.895716
6400000	2.936134
6500000	2.977352
6600000	3.018755
6700000	3.059240
6800000	3.099716
6900000	3.140438
7000000	3.180935
7100000	3.221267
7200000	3.261911
7300000	3.302801
7400000	3.343162
7500000	3.383584
7600000	3.423855
7700000	3.464421
7800000	3.504977
7900000	3.545614
8000000	3.586000
8100000	3.626524
8200000	3.667136
8300000	3.707416
8400000	4.195072
8500000	4.235591
8600000	4.275978
8700000	4.316135
8800000	4.356547
8900000	4.397080
9000000	4.437501
9100000	4.478193
9200000	4.518769
9300000	4.559563
9400000	4.600015
9500000	4.640487
9600000	4.681096
9700000	4.721486
9800000	4.762116
9900000	4.802596
10000000	4.843388
