200000	0.130235
400000	0.222446
600000	0.322055
800000	0.400986
1000000	0.480414
1200000	0.594963
1400000	0.674223
1600000	0.753279
1800000	0.833098
2000000	0.912564
2200000	1.064095
2400000	1.147346
2600000	1.227572
2800000	1.307190
3000000	1.386581
3200000	1.466084
3400000	1.545673
3600000	1.625023
3800000	1.704355
4000000	1.784590
4200000	2.026004
4400000	2.106342
4600000	2.188098
4800000	2.269441
5000000	2.350682
5200000	2.432267
5400000	2.513360
5600000	2.594585
5800000	2.675891
6000000	2.757412
6200000	2.838681
6400000	2.920766
6600000	3.002352
6800000	3.084128
7000000	3.165647
7200000	3.247068
7400000	3.328238
7600000	3.409511
7800000	3.492667
8000000	3.577154
8200000	3.659466
8400000	4.165899
8600000	4.247956
8800000	4.329251
9000000	4.410590
9200000	4.492731
9400000	4.574495
9600000	4.655976
9800000	4.737779
10000000	4.819926
10200000	4.901979
10400000	4.983509
10600000	5.065132
10800000	5.146649
11000000	5.228195
11200000	5.309587
11400000	5.391303
11600000	5.473215
11800000	5.554654
12000000	5.636131
12200000	5.717596
12400000	5.798941
12600000	5.880254
12800000	5.962181
13000000	6.043946
13200000	6.125358
13400000	6.206823
13600000	6.288227
13800000	6.369672
14000000	6.451013
14200000	6.532525
14400000	6.614152
14600000	6.695593
14800000	6.776845
15000000	6.858391
15200000	6.940319
15400000	7.021847
15600000	7.103229
15800000	7.184501
16000000	7.266169
16200000	7.347451
16400000	7.428942
16600000	7.510367
16800000	8.552617
17000000	8.633935
17200000	8.715380
17400000	8.796768
17600000	8.878174
17800000	8.959950
18000000	9.041783
18200000	9.123146
18400000	9.204684
18600000	9.285985
18800000	9.367285
19000000	9.448582
19200000	9.530073
19400000	9.611622
19600000	9.693899
19800000	9.775379
20000000	9.856752
