100	0.000003
200	0.000005
300	0.000008
400	0.000012
500	0.000015
600	0.000019
700	0.000023
800	0.000028
900	0.000032
1000	0.000038
1100	0.000044
1200	0.000050
1300	0.000056
1400	0.000063
1500	0.000069
1600	0.000076
1700	0.000084
1800	0.000093
1900	0.000101
2000	0.000109
2100	0.000118
2200	0.000128
2300	0.000137
2400	0.000148
2500	0.000158
2600	0.000170
2700	0.000180
2800	0.000192
2900	0.000205
3000	0.000217
3100	0.000226
3200	0.000239
3300	0.000253
3400	0.000267
3500	0.000282
3600	0.000294
3700	0.000309
3800	0.000324
3900	0.000339
4000	0.000356
4100	0.000369
4200	0.000389
4300	0.000402
4400	0.000425
4500	0.000440
4600	0.000456
4700	0.000474
4800	0.000492
4900	0.000513
5000	0.000533
5100	0.000549
5200	0.000564
5300	0.000593
5400	0.000609
5500	0.000630
5600	0.000650
5700	0.000676
5800	0.000697
5900	0.000716
6000	0.000741
6100	0.000765
6200	0.000787
6300	0.000813
6400	0.000844
6500	0.000860
6600	0.000885
6700	0.000908
6800	0.000930
6900	0.000960
7000	0.000987
7100	0.001013
7200	0.001038
7300	0.001067
7400	0.001099
7500	0.001123
7600	0.001155
7700	0.001177
7800	0.001210
7900	0.001227
8000	0.001261
8100	0.001292
8200	0.001329
8300	0.001357
8400	0.001399
8500	0.001423
8600	0.001447
8700	0.001488
8800	0.001516
8900	0.001550
9000	0.001586
9100	0.001617
9200	0.001655
9300	0.001669
9400	0.001723
9500	0.001745
9600	0.001788
9700	0.001821
9800	0.001856
9900	0.001884
10000	0.001930
