50	1.9551e-05
150	3.2407e-05
250	2.636e-05
350	1.2474e-05
450	3.3539e-05
550	1.6411e-05
650	1.8644e-05
750	2.0606e-05
850	5.1054e-05
900	4.22447e-05
950	4.5122e-05
1000	4.6878e-05
1050	4.7636e-05
1100	5.0177e-05
1150	5.1458e-05
1200	5.2959e-05
1250	5.4256e-05
1300	5.6061e-05
1350	6.87032e-05
1400	8.4304e-05
1450	7.3742e-05
1500	0.00011988
1550	7.6821e-05
1600	7.8577e-05
1650	7.9641e-05
1700	8.1392e-05
1750	8.28e-05
1800	9.8044e-05
1850	9.9826e-05
1900	0.000102137
1950	0.000103936
2000	0.000106258
2050	0.00010779
2100	0.000108891
2150	0.000110314
2200	0.000113061
2250	0.000129178
2300	0.000130836
2350	0.000133382
2400	0.000135311
2450	0.000137121
2500	0.000139209
2550	0.000140842
2600	0.000142631
2650	0.000144861
2700	0.000163497
2750	0.000194555
2800	0.000167967
2850	0.000169935
2900	0.0001722
2950	0.000254952
3000	0.000176729
3050	0.000178978
3100	0.000181377
3150	0.000202006
3200	0.000204634
3250	0.000206901
3300	0.000209832
3350	0.000210554
3400	0.000212761
3450	0.000216028
3500	0.000218338
3550	0.000220967
3600	0.000242465
3650	0.00024567
3700	0.00024775
3750	0.000279569
3800	0.000253569
3850	0.000255875
3900	0.00028619
3950	0.000260422
4000	0.000261977
4050	0.0002859
4100	0.000288183
4150	0.000292425
4200	0.000309724
4250	0.000317894
4300	0.000299614
4350	0.000302372
4400	0.000305658
4450	0.000306616
4500	0.000334921
4550	0.000335597
4600	0.00033855
4650	0.000340586
4700	0.000344591
4750	0.000347944
4800	0.000350136
4850	0.000352129
4900	0.000354819
4950	0.000385097
5000	0.00038617
5050	0.000387706
5100	0.000392098
5150	0.000395824
5200	0.000397709
5250	0.000430126
5300	0.000404364
5350	0.000406079
5400	0.000432978
5450	0.000441431
5500	0.000443426
5550	0.000445344
5600	0.000448652
5650	0.00045173
5700	0.000454541
5750	0.000456865
5800	0.000460665
5850	0.000506291
5900	0.000496224
5950	0.000502286
6000	0.000502726
6050	0.000505958
6100	0.000509489
6150	0.000513462
6200	0.000515727
6250	0.000520421
6300	0.000549188
6350	0.000557141
6400	0.000559957
6450	0.000564491
6500	0.000565938
6550	0.000600564
6600	0.000574078
6650	0.000576155
6700	0.0005798
6750	0.000611643
6800	0.000618985
6850	0.000622425
6900	0.000627477
6950	0.000629168
7000	0.000633954
7050	0.000636698
7100	0.000639657
7150	0.000646556
7200	0.000679517
7250	0.000686066
7300	0.000689692
7350	0.000693592
7400	0.000695736
7450	0.00069947
7500	0.000703776
7550	0.000707913
7600	0.000711764
7650	0.000748315
7700	0.000756364
7750	0.0007579
7800	0.000761007
7850	0.000765051
7900	0.000770316
7950	0.000773823
8000	0.000775812
8050	0.000781083
8100	0.000821186
8150	0.000827767
8200	0.000832792
8250	0.000836093
8300	0.00084154
8350	0.000843464
8400	0.000849636
8450	0.00085132
8500	0.000857419
8550	0.000897404
8600	0.000903845
8650	0.000908368
8700	0.000912675
8750	0.00092026
8800	0.000921705
8850	0.000924828
8900	0.000929999
8950	0.00093561
9000	0.000976653
9050	0.000991041
9100	0.000988043
9150	0.000991331
9200	0.000997366
9250	0.00100274
9300	0.00100442
9350	0.00101074
9400	0.00101402
9450	0.00105981
9500	0.00106429
9550	0.00106815
9600	0.00107297
9650	0.00107869
9700	0.00108227
9750	0.00111555
9800	0.0010924
9850	0.00109408
9900	0.00113934
9950	0.00117905
10000	0.00115361
10050	0.00115706
10100	0.00116398
10150	0.00116656
10200	0.00117263
10250	0.00117957
10300	0.00118387
10350	0.00123214
10400	0.001237
10450	0.00124219
10500	0.0012473
10550	0.00125061
10600	0.0012567
10650	0.00126163
10700	0.00126601
10750	0.00129962
10800	0.00132136
10850	0.00136017
10900	0.00133181
10950	0.00133674
11000	0.00134512
11050	0.00134876
11100	0.00135554
11150	0.00136129
11200	0.00136585
11250	0.0014156
11300	0.0014237
11350	0.00142757
11400	0.0014342
11450	0.00146913
11500	0.00144448
11550	0.00144854
11600	0.00172398
11650	0.00146398
11700	0.00153873
11750	0.00152546
11800	0.00158125
11850	0.00153354
11900	0.00157106
11950	0.00154667
12000	0.00157995
12050	0.0015889
12100	0.00156382
12150	0.00161732
12200	0.00162705
12250	0.00163348
12300	0.00163858
12350	0.00164106
12400	0.00167667
12450	0.00165349
12500	0.00168943
12550	0.00166454
12600	0.00172022
12650	0.00173169
12700	0.00173583
12750	0.00174443
12800	0.00174667
12850	0.00175295
12900	0.00178988
12950	0.00176387
13000	0.00177021
13050	0.00182713
13100	0.00183635
13150	0.00184103
13200	0.00185492
13250	0.00188311
13300	0.00186077
13350	0.00186771
13400	0.0018705
13450	0.00187652
13500	0.00193717
13550	0.00196198
13600	0.00196698
13650	0.00195879
13700	0.00196485
13750	0.00196998
13800	0.00197535
13850	0.00198409
13900	0.00198607
13950	0.002052
14000	0.00205672
14050	0.00206543
14100	0.00207163
14150	0.00207692
14200	0.00208311
14250	0.00212301
14300	0.00209393
14350	0.00210138
14400	0.00216549
14450	0.00219245
14500	0.00219421
14550	0.00219074
14600	0.00219435
14650	0.00220381
14700	0.00220992
14750	0.00221452
14800	0.00222183
14850	0.00228714
14900	0.00229615
14950	0.0023026
15000	0.00230842
15050	0.0023451
15100	0.00232204
15150	0.00232701
15200	0.00233458
15250	0.00234159
15300	0.00240934
15350	0.00242082
15400	0.00242309
15450	0.00243178
15500	0.00246578
15550	0.00244549
15600	0.00245275
15650	0.00248555
15700	0.00246379
15750	0.00253589
15800	0.00254508
15850	0.00255342
15900	0.00256168
15950	0.0025933
16000	0.00257356
16050	0.00257975
16100	0.00258714
16150	0.00259683
16200	0.00267197
16250	0.00267254
16300	0.00268443
16350	0.00272045
16400	0.00269433
16450	0.00270543
16500	0.00271366
16550	0.00271844
16600	0.00272788
16650	0.00280124
16700	0.0028674
16750	0.0028185
16800	0.00282357
16850	0.00283401
16900	0.00284194
16950	0.00285061
17000	0.0028883
17050	0.00286435
17100	0.0029401
17150	0.00295157
17200	0.00295891
17250	0.00296404
17300	0.00300392
17350	0.003008
17400	0.00298696
17450	0.00299263
17500	0.00300088
17550	0.0030827
17600	0.00309369
17650	0.00353324
17700	0.00336448
17750	0.00322231
17800	0.00323882
17850	0.00317212
17900	0.00317004
17950	0.0031754
18000	0.00323616
18050	0.00326589
18100	0.00324274
18150	0.00324776
18200	0.00325838
18250	0.00326215
18300	0.00330101
18350	0.00328081
18400	0.00331455
18450	0.00336898
18500	0.00340955
18550	0.0033891
18600	0.0033992
18650	0.00340587
18700	0.0034139
18750	0.00344958
18800	0.00342897
18850	0.00343496
18900	0.0035232
18950	0.00352577
19000	0.00353436
19050	0.00354391
19100	0.00355393
19150	0.00359068
19200	0.00356967
19250	0.00357692
19300	0.00358377
19350	0.00367184
19400	0.00367919
19450	0.00368487
19500	0.00373005
19550	0.00370542
19600	0.00371296
19650	0.00372168
19700	0.00375817
19750	0.00373714
19800	0.00382982
19850	0.00383455
19900	0.00384545
19950	0.00385622
20000	0.00386038
20050	0.00389883
20100	0.00387764
20150	0.00388802
20200	0.00389398
20250	0.00398827
20300	0.00399546
20350	0.00403313
20400	0.00401688
20450	0.00401892
20500	0.00403083
20550	0.0040713
20600	0.004043
20650	0.00408398
20700	0.00414805
20750	0.00415287
20800	0.0041956
20850	0.00417593
20900	0.0041872
20950	0.00419021
21000	0.0042296
21050	0.00421281
21100	0.00422667
21150	0.00431286
21200	0.00435067
21250	0.0043352
21300	0.00434052
21350	0.00435093
21400	0.00438781
21450	0.00437045
21500	0.00437666
21550	0.00438595
21600	0.00448309
21650	0.00449192
21700	0.00450341
21750	0.00451315
21800	0.00454474
21850	0.00452865
21900	0.00453849
21950	0.0045755
22000	0.00455179
22050	0.00465397
22100	0.00466679
22150	0.00470474
22200	0.00468453
22250	0.00468755
22300	0.00473384
22350	0.00473799
22400	0.00471517
22450	0.00472668
22500	0.00483088
22550	0.00484135
22600	0.00485056
22650	0.0048844
22700	0.00486565
22750	0.00487073
22800	0.00491553
22850	0.00489196
22900	0.00490751
22950	0.0050072
23000	0.00501279
23050	0.00502769
23100	0.00555516
23150	0.00504054
23200	0.00504939
23250	0.00508856
23300	0.00520222
23350	0.0051896
23400	0.00520208
23450	0.00519228
23500	0.00522753
23550	0.00523884
23600	0.005221
23650	0.0052592
23700	0.00523803
23750	0.00525118
23800	0.00528775
23850	0.00536277
23900	0.00540631
23950	0.00538461
24000	0.00539264
24050	0.00543519
24100	0.00541823
24150	0.00542239
24200	0.00546289
24250	0.00544451
24300	0.00555103
24350	0.00556263
24400	0.0056032
24450	0.00558096
24500	0.0055949
24550	0.00562971
24600	0.00563698
24650	0.00562276
24700	0.00565894
24750	0.00574371
24800	0.00574953
24850	0.00579092
24900	0.00577339
24950	0.00577872
25000	0.00582144
25050	0.00580108
25100	0.00581567
25150	0.00588086
25200	0.00593334
25250	0.00594531
25300	0.00598236
25350	0.005965
25400	0.00597583
25450	0.00601762
25500	0.00599597
25550	0.00600766
25600	0.0060484
25650	0.0061301
25700	0.00617165
25750	0.00615286
25800	0.00615899
25850	0.00620078
25900	0.00618402
25950	0.0061937
26000	0.00623632
26050	0.00621895
26100	0.00633554
26150	0.0063424
26200	0.00638276
26250	0.00636704
26300	0.0063764
26350	0.00641287
26400	0.00642672
26450	0.006404
26500	0.0064455
26550	0.00655958
26600	0.00654485
26650	0.00655391
26700	0.00659641
26750	0.00657419
26800	0.00661743
26850	0.00659935
26900	0.00661169
26950	0.00665186
27000	0.00678286
27050	0.00677567
27100	0.00676035
27150	0.00680395
27200	0.00681187
27250	0.0068221
27300	0.00680153
27350	0.00682416
27400	0.00685636
27450	0.00695249
27500	0.00696007
27550	0.00700306
27600	0.0069819
27650	0.00702213
27700	0.0070043
27750	0.00701871
27800	0.00705786
27850	0.00703852
27900	0.00716108
27950	0.00719953
28000	0.00723867
28050	0.00722243
28100	0.0072125
28150	0.00725003
28200	0.00722493
28250	0.00723672
28300	0.00728218
28350	0.00738056
28400	0.00741459
28450	0.00739582
28500	0.00743623
28550	0.0074217
28600	0.00743103
28650	0.00747397
28700	0.00745422
28750	0.00749708
28800	0.00759583
28850	0.0076341
28900	0.00761434
28950	0.00765743
29000	0.00764115
29050	0.00768127
29100	0.00766692
29150	0.00767358
29200	0.00771546
29250	0.00781947
29300	0.00783048
29350	0.0078649
29400	0.00788059
29450	0.00786515
29500	0.0079356
29550	0.00789046
29600	0.00792857
29650	0.00794093
29700	0.00804495
29750	0.00808642
29800	0.00812223
29850	0.00811046
29900	0.00808835
29950	0.00813144
30000	0.00811512
30050	0.00815918
30100	0.00814363
30150	0.00832379
30200	0.00831689
30250	0.00830155
30300	0.00833866
30350	0.00831957
30400	0.00835921
30450	0.00834798
30500	0.00838606
30550	0.00836986
30600	0.0085064
30650	0.00854246
30700	0.00855384
30750	0.0085693
30800	0.00854976
30850	0.00859442
30900	0.0085812
30950	0.0086208
31000	0.00863047
31050	0.00874638
31100	0.00874861
31150	0.0088208
31200	0.00877242
31250	0.00882332
31300	0.00880133
31350	0.00884155
31400	0.00882377
31450	0.00886821
31500	0.00897744
31550	0.00901859
31600	0.00900143
31650	0.00904477
31700	0.00902933
31750	0.00906895
31800	0.00907706
31850	0.00906366
31900	0.00910718
31950	0.00922201
32000	0.00925706
32050	0.00927373
32100	0.00930937
32150	0.00927145
32200	0.00931088
32250	0.00932503
32300	0.00930575
32350	0.00934863
32400	0.00946884
32450	0.00947134
32500	0.00951357
32550	0.0097876
32600	0.0096296
32650	0.00960716
32700	0.00964696
32750	0.00963739
32800	0.00958961
32850	0.00971558
32900	0.0097481
32950	0.00973365
33000	0.00977487
33050	0.00975816
33100	0.00980056
33150	0.00981387
33200	0.00979806
33250	0.00998759
33300	0.00996543
33350	0.0100011
33400	0.0099857
33450	0.0100541
33500	0.01001
33550	0.0100599
33600	0.0100673
33650	0.010051
33700	0.0100946
33750	0.0102231
33800	0.0102532
33850	0.0102382
33900	0.010283
33950	0.010295
34000	0.0102765
34050	0.0103226
34100	0.0103452
34150	0.0103204
34200	0.0104812
34250	0.0104829
34300	0.0105752
34350	0.0105558
34400	0.010549
34450	0.0105715
34500	0.01058
34550	0.0105953
34600	0.0106347
34650	0.0107382
34700	0.011044
34750	0.0108816
34800	0.0108549
34850	0.0108463
34900	0.0108329
34950	0.0108467
35000	0.0108557
35050	0.0108723
35100	0.0110049
35150	0.0110068
35200	0.0110537
35250	0.0110691
35300	0.0110483
35350	0.0110947
35400	0.0111095
35450	0.011096
35500	0.0111391
35550	0.0112734
35600	0.0113344
35650	0.0112917
35700	0.0113353
35750	0.0113492
35800	0.011334
35850	0.0113774
35900	0.0113903
35950	0.0114108
36000	0.0115399
36050	0.0115806
36100	0.0115628
36150	0.0116047
36200	0.0116213
36250	0.0116041
36300	0.0116469
36350	0.0116608
36400	0.0116505
36450	0.0118239
36500	0.0118501
36550	0.0118396
36600	0.0118789
36650	0.0119233
36700	0.0118963
36750	0.0119063
36800	0.011937
36850	0.0119563
36900	0.0121335
36950	0.012126
37000	0.0121708
37050	0.0121556
37100	0.0121457
37150	0.0121866
37200	0.0121996
37250	0.0122012
37300	0.0122103
37350	0.0123704
37400	0.0124058
37450	0.0124187
37500	0.0124071
37550	0.0124485
37600	0.0124729
37650	0.0125055
37700	0.0124647
37750	0.0125098
37800	0.0126496
37850	0.0126832
37900	0.012702
37950	0.0127161
38000	0.0127025
38050	0.012747
38100	0.0127623
38150	0.0127786
38200	0.0127631
38250	0.0129471
38300	0.0129434
38350	0.0129906
38400	0.0130583
38450	0.0130196
38500	0.0130375
38550	0.0130177
38600	0.0130603
38650	0.0131711
38700	0.0132653
38750	0.0132634
38800	0.013275
38850	0.013293
38900	0.013314
38950	0.0133001
39000	0.013337
39050	0.0133543
39100	0.013397
39150	0.013524
39200	0.013552
39250	0.0135712
39300	0.0135904
39350	0.0135997
39400	0.0136164
39450	0.013633
39500	0.0136198
39550	0.0136654
39600	0.0138149
39650	0.0138482
39700	0.0138671
39750	0.0138837
39800	0.0138721
39850	0.0139121
39900	0.0139326
39950	0.0139448
40000	0.0139908
40050	0.0141237
40100	0.0141635
40150	0.0145005
40200	0.0142948
40250	0.0141924
40300	0.0142453
40350	0.0142303
40400	0.0142451
40450	0.01429
40500	0.0144159
40550	0.0144525
40600	0.0144964
40650	0.0144836
40700	0.0145278
40750	0.0145128
40800	0.0145013
40850	0.0145456
40900	0.01456
40950	0.0147279
41000	0.0147609
41050	0.0147707
41100	0.0147597
41150	0.0148081
41200	0.0148236
41250	0.0148388
41300	0.0148552
41350	0.0148722
41400	0.0150404
41450	0.0150672
41500	0.0150536
41550	0.0151057
41600	0.0151187
41650	0.0151411
41700	0.0151514
41750	0.0151736
41800	0.0151855
41850	0.0153946
41900	0.0153859
41950	0.015397
42000	0.0154172
42050	0.0154315
42100	0.0154536
42150	0.0154723
42200	0.0154846
42250	0.0154773
42300	0.0156813
42350	0.0157039
42400	0.0157198
42450	0.0157386
42500	0.0157501
42550	0.0157418
42600	0.0157866
42650	0.0158002
42700	0.0158183
42750	0.015988
42800	0.0160496
42850	0.0160684
42900	0.0160586
42950	0.0160707
43000	0.016117
43050	0.0161339
43100	0.0161243
43150	0.01614
43200	0.0163572
43250	0.0163458
43300	0.0163636
43350	0.0163787
43400	0.0163885
43450	0.0164138
43500	0.0164659
43550	0.0164507
43600	0.0164634
43650	0.016643
43700	0.0166656
43750	0.0166919
43800	0.0167028
43850	0.0167198
43900	0.0167379
43950	0.0167585
44000	0.016776
44050	0.0167882
44100	0.0169633
44150	0.0170291
44200	0.0170443
44250	0.0170316
44300	0.0170771
44350	0.0170657
44400	0.0171112
44450	0.0171019
44500	0.0171207
44550	0.0173453
44600	0.0173242
44650	0.0173466
44700	0.0173634
44750	0.0173793
44800	0.0173975
44850	0.017418
44900	0.0174325
44950	0.0174794
45000	0.0176382
45050	0.0177196
45100	0.0180468
45150	0.0178413
45200	0.0177403
45250	0.0177645
45300	0.0177527
45350	0.0177665
45400	0.017789
45450	0.0179921
45500	0.0180261
45550	0.0180206
45600	0.018094
45650	0.0180537
45700	0.0180714
45750	0.0181172
45800	0.0181047
45850	0.0181238
45900	0.0183556
45950	0.0183358
46000	0.0183494
46050	0.0183769
46100	0.0183919
46150	0.0193341
46200	0.0184136
46250	0.0183998
46300	0.0184553
46350	0.0186626
46400	0.0186406
46450	0.0186564
46500	0.0186775
46550	0.0186916
46600	0.0187119
46650	0.0187582
46700	0.0187472
46750	0.0187624
46800	0.0189617
46850	0.0189873
46900	0.0190212
46950	0.0193698
47000	0.0191574
47050	0.0190865
47100	0.0190775
47150	0.0191509
47200	0.0191174
47250	0.0193062
47300	0.0193343
47350	0.0193556
47400	0.0194053
47450	0.019392
47500	0.0194368
47550	0.0194609
47600	0.0194453
47650	0.0194665
47700	0.0197077
47750	0.0196864
47800	0.0197087
47850	0.0197532
47900	0.0197747
47950	0.0197905
48000	0.0197825
48050	0.0197986
48100	0.0198788
48150	0.0200604
48200	0.0200505
48250	0.0200613
48300	0.0201097
48350	0.0200969
48400	0.0201238
48450	0.0201404
48500	0.020186
48550	0.0202118
48600	0.0203858
48650	0.020433
48700	0.0204301
48750	0.0204455
48800	0.0204665
48850	0.0205161
48900	0.0205086
48950	0.0205276
49000	0.0205454
49050	0.0207806
49100	0.0207822
49150	0.0208251
49200	0.0211915
49250	0.0209564
49300	0.0209155
49350	0.0209077
49400	0.0209219
49450	0.0209157
49500	0.0211218
49550	0.0211759
49600	0.0211985
49650	0.0211953
49700	0.0212661
49750	0.021229
49800	0.0212449
49850	0.0212683
49900	0.0213166
49950	0.0214866
50000	0.0215777
50050	0.0215695
50100	0.0215587
50150	0.0215764
50200	0.0216511
50250	0.0216152
50300	0.0216654
50350	0.0216578
50400	0.0219097
50450	0.021914
50500	0.0219118
50550	0.0219296
50600	0.0220096
50650	0.0219727
50700	0.0219831
50750	0.0220119
50800	0.022093
50850	0.0222413
50900	0.0222692
50950	0.0223043
51000	0.0223232
51050	0.0223298
51100	0.0223798
51150	0.0223972
51200	0.0224429
51250	0.0224356
51300	0.0226858
51350	0.0226498
51400	0.0227006
51450	0.0226858
51500	0.0227167
51550	0.0227577
51600	0.0227483
51650	0.0227707
51700	0.0228237
51750	0.0230094
51800	0.0230623
51850	0.0230466
51900	0.0231011
51950	0.0230942
52000	0.0231134
52050	0.0231603
52100	0.0231577
52150	0.0231744
52200	0.0234441
52250	0.0234505
52300	0.023461
52350	0.0234924
52400	0.0234779
52450	0.0235004
52500	0.02355
52550	0.0235427
52600	0.0235966
52650	0.02379
52700	0.023806
52750	0.0238552
52800	0.023852
52850	0.023867
52900	0.0239177
52950	0.0239073
53000	0.0239602
53050	0.0239539
53100	0.0242091
53150	0.0243492
53200	0.0243082
53250	0.0242672
53300	0.0242837
53350	0.0242987
53400	0.0243037
53450	0.0243835
53500	0.0243456
53550	0.0245823
53600	0.0246195
53650	0.0246186
53700	0.0246383
53750	0.0246896
53800	0.0247053
53850	0.0247323
53900	0.0247185
53950	0.0247738
54000	0.024983
54050	0.0253672
54100	0.0250864
54150	0.0250671
54200	0.0251116
54250	0.0250775
54300	0.0251262
54350	0.0251226
54400	0.0251749
54450	0.0253814
54500	0.0254203
54550	0.0254239
54600	0.0254658
54650	0.0254585
54700	0.0255088
54750	0.0255003
54800	0.0255503
54850	0.0255494
54900	0.0258156
54950	0.0259211
55000	0.0258565
55050	0.0259022
55100	0.0258678
55150	0.0259121
55200	0.0259039
55250	0.0259539
55300	0.0259481
55350	0.0261894
55400	0.0262345
55450	0.0262352
55500	0.026281
55550	0.0262962
55600	0.026292
55650	0.0263426
55700	0.0263314
55750	0.0263841
55800	0.0266689
55850	0.0266792
55900	0.0266424
55950	0.0266859
56000	0.0267385
56050	0.0267028
56100	0.0267537
56150	0.0267408
56200	0.0267947
56250	0.0270102
56300	0.0270541
56350	0.0270808
56400	0.0270717
56450	0.0271208
56500	0.0271457
56550	0.0271364
56600	0.0271942
56650	0.0272365
56700	0.027475
56750	0.0274747
56800	0.0274971
56850	0.027487
56900	0.0275683
56950	0.027561
57000	0.027584
57050	0.0276078
57100	0.0276001
57150	0.027848
57200	0.0278602
57250	0.0279108
57300	0.0279352
57350	0.0279579
57400	0.0280118
57450	0.0280022
57500	0.0280231
57550	0.0280448
57600	0.0283116
57650	0.0283447
57700	0.0283595
57750	0.0283309
57800	0.0283836
57850	0.0284387
57900	0.0284275
57950	0.0284465
58000	0.0284704
58050	0.028695
58100	0.0287096
58150	0.0287633
58200	0.0287934
58250	0.0288381
58300	0.0288003
58350	0.0292314
58400	0.0289707
58450	0.0289619
58500	0.0291217
58550	0.0292039
58600	0.0291957
58650	0.0292136
58700	0.0292057
58750	0.029261
58800	0.0292819
58850	0.0293095
58900	0.0293328
58950	0.0295961
59000	0.029723
59050	0.0296336
59100	0.0297092
59150	0.0296736
59200	0.0296924
59250	0.0297451
59300	0.0297446
59350	0.0297623
59400	0.0299982
59450	0.0300127
59500	0.0300662
59550	0.0300922
59600	0.030111
59650	0.0301271
59700	0.0301537
59750	0.0301768
59800	0.0302383
59850	0.0304822
59900	0.0304867
59950	0.0305245
60000	0.0305236
60050	0.0305448
60100	0.0305687
60150	0.030595
60200	0.0306462
60250	0.0306648
60300	0.0308756
60350	0.030923
60400	0.0309379
60450	0.0309918
60500	0.0309883
60550	0.0310092
60600	0.031425
60650	0.0311506
60700	0.031119
60750	0.0313278
60800	0.0313641
60850	0.0313875
60900	0.0314077
60950	0.0314317
61000	0.0314592
61050	0.0314829
61100	0.0315011
61150	0.0315289
61200	0.0318106
61250	0.0318346
61300	0.0318342
61350	0.0318568
61400	0.0319105
61450	0.031904
61500	0.0319333
61550	0.0319547
61600	0.0320066
61650	0.0322199
61700	0.0322602
61750	0.0322881
61800	0.0323621
61850	0.0323885
61900	0.0323603
61950	0.032405
62000	0.0324598
62050	0.0324306
62100	0.0327204
62150	0.0327141
62200	0.0327647
62250	0.0328127
62300	0.032784
62350	0.0328114
62400	0.0328427
62450	0.0328598
62500	0.032887
62550	0.0331841
62600	0.0332202
62650	0.0332282
62700	0.033222
62750	0.0332771
62800	0.0332716
62850	0.0332905
62900	0.033347
62950	0.0333392
63000	0.0336014
63050	0.0336367
63100	0.0336619
63150	0.0337113
63200	0.0339787
63250	0.0337924
63300	0.0337791
63350	0.0338078
63400	0.0338082
63450	0.0341085
63500	0.0341269
63550	0.0341483
63600	0.0341468
63650	0.0341681
63700	0.0341959
63750	0.0342193
63800	0.0342543
63850	0.034276
63900	0.0345726
63950	0.0345658
64000	0.0346007
64050	0.0346449
64100	0.0346387
64150	0.0346643
64200	0.0346906
64250	0.0347705
64300	0.0347415
64350	0.0349959
64400	0.0350591
64450	0.0350918
64500	0.0350835
64550	0.035266
64600	0.0352566
64650	0.0351619
64700	0.035651
64750	0.0352804
64800	0.0354775
64850	0.0355082
64900	0.0355607
64950	0.0355608
65000	0.0355864
65050	0.0356068
65100	0.0356359
65150	0.0356558
65200	0.0356804
65250	0.0360157
65300	0.0359848
65350	0.036091
65400	0.0360322
65450	0.036079
65500	0.0361172
65550	0.0361065
65600	0.0361979
65650	0.0362157
65700	0.0364353
65750	0.0364961
65800	0.036759
65850	0.0368585
65900	0.0366127
65950	0.0365954
66000	0.0365922
66050	0.0366146
66100	0.0366796
66150	0.0369194
66200	0.0369542
66250	0.0369836
66300	0.0370322
66350	0.0370518
66400	0.0371136
66450	0.0370825
66500	0.0371369
66550	0.0371597
66600	0.0374468
66650	0.0374977
66700	0.0374658
66750	0.0375294
66800	0.0375203
66850	0.0375479
66900	0.0375653
66950	0.0376263
67000	0.0376286
67050	0.0379486
67100	0.0379296
67150	0.0380157
67200	0.0379904
67250	0.0380388
67300	0.0380675
67350	0.0380667
67400	0.0381199
67450	0.0381493
67500	0.0384441
67550	0.038437
67600	0.0388186
67650	0.0386695
67700	0.0385746
67750	0.0385672
67800	0.0385682
67850	0.0385932
67900	0.0386791
67950	0.0389467
68000	0.0389306
68050	0.0389581
68100	0.0390428
68150	0.0390427
68200	0.0390354
68250	0.0391204
68300	0.0391189
68350	0.0395578
68400	0.0394152
68450	0.0394339
68500	0.0395165
68550	0.0399228
68600	0.0395147
68650	0.0395657
68700	0.0395714
68750	0.0396009
68800	0.0396504
68850	0.0399607
68900	0.0399682
68950	0.0399966
69000	0.0400198
69050	0.0400772
69100	0.0400765
69150	0.0400754
69200	0.0400957
69250	0.0401592
69300	0.0404815
69350	0.0404627
69400	0.0405062
69450	0.0405336
69500	0.0405622
69550	0.0405831
69600	0.0406478
69650	0.0406222
69700	0.0406394
69750	0.0409376
69800	0.0410289
69850	0.0410615
69900	0.0414388
69950	0.0411471
70000	0.0411017
70050	0.0411387
70100	0.0411323
70150	0.0411868
70200	0.0414555
70250	0.0414791
70300	0.041562
70350	0.0415697
70400	0.0415864
70450	0.0416516
70500	0.0416484
70550	0.0421276
70600	0.0417427
70650	0.0419798
70700	0.0420005
70750	0.0420534
70800	0.0420569
70850	0.0421199
70900	0.0421098
70950	0.0421984
71000	0.0421997
71050	0.0422319
71100	0.0425476
71150	0.0425884
71200	0.0425851
71250	0.0425795
71300	0.0426393
71350	0.0426408
71400	0.0426926
71450	0.0427339
71500	0.0427206
71550	0.0430799
71600	0.04311
71650	0.0431108
71700	0.0431417
71750	0.0431972
71800	0.0432009
71850	0.043227
71900	0.0432291
71950	0.0432857
72000	0.0436089
72050	0.0436202
72100	0.0436299
72150	0.0436949
72200	0.0437308
72250	0.0437364
72300	0.0437601
72350	0.0438454
72400	0.0437955
72450	0.0441404
72500	0.0441939
72550	0.044182
72600	0.0442096
72650	0.0442635
72700	0.0442407
72750	0.0443089
72800	0.0443551
72850	0.0443516
72900	0.0446555
72950	0.0447205
73000	0.045128
73050	0.0449006
73100	0.0447817
73150	0.0448043
73200	0.044834
73250	0.0448371
73300	0.0449745
73350	0.0451835
73400	0.0452382
73450	0.0452613
73500	0.0453423
73550	0.0455889
73600	0.0455601
73650	0.0454545
73700	0.045407
73750	0.0454092
73800	0.0457302
73850	0.0457748
73900	0.0458354
73950	0.0458402
74000	0.0458625
74050	0.0459524
74100	0.0462833
74150	0.0461613
74200	0.0460017
74250	0.0462799
74300	0.0462977
74350	0.0463547
74400	0.0463862
74450	0.0466435
74500	0.0465051
74550	0.0464691
74600	0.0465292
74650	0.047006
74700	0.0468356
74750	0.0468614
74800	0.0468893
74850	0.0469367
74900	0.0469673
74950	0.0470264
75000	0.0470633
75050	0.0470306
75100	0.0471125
75150	0.0474278
75200	0.0474316
75250	0.0474611
75300	0.0474934
75350	0.0475166
75400	0.0475507
75450	0.0475759
75500	0.0476412
75550	0.0476403
75600	0.0479911
75650	0.047992
75700	0.0480182
75750	0.0480213
75800	0.0480777
75850	0.0481142
75900	0.0481379
75950	0.0482003
76000	0.0482253
76050	0.0485533
76100	0.0485703
76150	0.0485812
76200	0.0486027
76250	0.0486328
76300	0.0486643
76350	0.0487018
76400	0.0487309
76450	0.0487842
76500	0.0491144
76550	0.0491722
76600	0.0491465
76650	0.0491707
76700	0.0492029
76750	0.0492365
76800	0.0492607
76850	0.0492937
76900	0.0493784
76950	0.049674
77000	0.0497311
77050	0.049741
77100	0.0497376
77150	0.0497735
77200	0.0497984
77250	0.0498277
77300	0.0498652
77350	0.049939
77400	0.050271
77450	0.0503015
77500	0.0503013
77550	0.0503119
77600	0.0503347
77650	0.0503628
77700	0.0504007
77750	0.0504234
77800	0.0504829
77850	0.0508513
77900	0.0508768
77950	0.0508727
78000	0.0508783
78050	0.0509034
78100	0.0509331
78150	0.0509633
78200	0.0509964
78250	0.0510562
78300	0.0514553
78350	0.0513893
78400	0.0514669
78450	0.0514522
78500	0.051478
78550	0.0515054
78600	0.0515596
78650	0.0531399
78700	0.0516423
78750	0.0519738
78800	0.051987
78850	0.0519832
78900	0.0520202
78950	0.0520456
79000	0.052077
79050	0.0521388
79100	0.0524037
79150	0.052205
79200	0.052539
79250	0.0525868
79300	0.0525678
79350	0.052596
79400	0.0526192
79450	0.0526806
79500	0.0527175
79550	0.0527749
79600	0.0528016
79650	0.0531143
79700	0.0531141
79750	0.053138
79800	0.0531917
79850	0.0532292
79900	0.0532536
79950	0.0532627
80000	0.0533455
80050	0.0538546
80100	0.0536519
80150	0.053685
80200	0.0537402
80250	0.0537974
80300	0.0537995
80350	0.0538397
80400	0.0541495
80450	0.0540741
80500	0.0539362
80550	0.0542709
80600	0.0542906
80650	0.0543554
80700	0.054384
80750	0.0544218
80800	0.0548735
80850	0.0545131
80900	0.0544528
80950	0.0544746
81000	0.0548863
81050	0.0548775
81100	0.0549609
81150	0.0553772
81200	0.0550336
81250	0.0549999
81300	0.0550325
81350	0.0550199
81400	0.0550909
81450	0.0554497
81500	0.0558772
81550	0.0555663
81600	0.0555219
81650	0.0555263
81700	0.0556167
81750	0.0555929
81800	0.0556429
81850	0.0556694
81900	0.0560275
81950	0.0560533
82000	0.0560514
82050	0.0560744
82100	0.056164
82150	0.056175
82200	0.05617
82250	0.0562836
82300	0.0562565
82350	0.0566148
82400	0.0566019
82450	0.056686
82500	0.0566677
82550	0.0566922
82600	0.0568119
82650	0.0567525
82700	0.0568156
82750	0.0568456
82800	0.0572466
82850	0.0572276
82900	0.0572871
82950	0.0572881
83000	0.0572887
83050	0.0573445
83100	0.0573786
83150	0.057376
83200	0.0574371
83250	0.057828
83300	0.0577963
83350	0.0578239
83400	0.0578938
83450	0.0579133
83500	0.0579523
83550	0.0579794
83600	0.0580424
83650	0.0580513
83700	0.0584042
83750	0.0584654
83800	0.0584296
83850	0.0585218
83900	0.0585241
83950	0.0586174
84000	0.0590006
84050	0.0586592
84100	0.0586844
84150	0.0589969
84200	0.059066
84250	0.0590969
84300	0.0595445
84350	0.0592286
84400	0.0591763
84450	0.0591798
84500	0.0592455
84550	0.0592914
84600	0.0596408
84650	0.0597199
84700	0.0596904
84750	0.0596914
84800	0.0597629
84850	0.0597811
84900	0.0599505
84950	0.0598768
85000	0.0599197
85050	0.0602672
85100	0.060279
85150	0.0603377
85200	0.0603058
85250	0.0604266
85300	0.0604082
85350	0.0603619
85400	0.0604264
85450	0.0604256
85500	0.0608801
85550	0.0609205
85600	0.0609257
85650	0.060926
85700	0.0609915
85750	0.06102
85800	0.0610813
85850	0.0610921
85900	0.0612081
85950	0.0614765
86000	0.0615098
86050	0.0615414
86100	0.0616121
86150	0.0616364
86200	0.0616711
86250	0.0621512
86300	0.0617875
86350	0.0617186
86400	0.0620719
86450	0.0621201
86500	0.062641
86550	0.062246
86600	0.0622525
86650	0.0622673
86700	0.062306
86750	0.062336
86800	0.0623746
86850	0.0627995
86900	0.062766
86950	0.0628039
87000	0.0628905
87050	0.0628433
87100	0.0629547
87150	0.0629374
87200	0.0629676
87250	0.0629776
87300	0.0633975
87350	0.0634582
87400	0.0634332
87450	0.0634718
87500	0.0634711
87550	0.0635384
87600	0.0635964
87650	0.0636343
87700	0.0636354
87750	0.0640301
87800	0.0640392
87850	0.064065
87900	0.0641667
87950	0.0641636
88000	0.0646681
88050	0.0642683
88100	0.0642446
88150	0.0642633
88200	0.064664
88250	0.0650371
88300	0.0648789
88350	0.0648827
88400	0.064782
88450	0.0653064
88500	0.0648754
88550	0.0650633
88600	0.0649757
88650	0.0652842
88700	0.0652581
88750	0.0652596
88800	0.0653551
88850	0.0653319
88900	0.0653702
88950	0.0654706
89000	0.0654365
89050	0.0655021
89100	0.0658742
89150	0.0659215
89200	0.0659849
89250	0.0660221
89300	0.0660835
89350	0.0661767
89400	0.0664809
89450	0.0663111
89500	0.0662367
89550	0.066557
89600	0.0669742
89650	0.0668147
89700	0.0667101
89750	0.0667059
89800	0.0667673
89850	0.0667967
89900	0.0668075
89950	0.066872
90000	0.0672588
90050	0.0672779
90100	0.0672898
90150	0.0673423
90200	0.0673811
90250	0.06742
90300	0.0674275
90350	0.0674768
90400	0.0676092
90450	0.0679297
90500	0.0684095
90550	0.0679374
90600	0.0679959
90650	0.0680361
90700	0.0681087
90750	0.0685676
90800	0.0681739
90850	0.0681526
90900	0.0686235
90950	0.0687397
91000	0.0686307
91050	0.068642
91100	0.0686877
91150	0.0687204
91200	0.0687323
91250	0.068832
91300	0.0688325
91350	0.0692681
91400	0.0692444
91450	0.0692868
91500	0.0692874
91550	0.0693249
91600	0.0693595
91650	0.0694202
91700	0.0694565
91750	0.0694874
91800	0.0698802
91850	0.0699603
91900	0.0699647
91950	0.0699824
92000	0.0704821
92050	0.0700611
92100	0.070055
92150	0.0701171
92200	0.0701536
92250	0.0706364
92300	0.0704725
92350	0.0705698
92400	0.0705502
92450	0.0706362
92500	0.0706471
92550	0.0706606
92600	0.0706883
92650	0.0707534
92700	0.0711674
92750	0.0711919
92800	0.0712225
92850	0.0713179
92900	0.0712991
92950	0.0713891
93000	0.0718839
93050	0.0715027
93100	0.0714562
93150	0.071856
93200	0.0719608
93250	0.0718774
93300	0.0719199
93350	0.0719531
93400	0.0719723
93450	0.072057
93500	0.0720607
93550	0.0720674
93600	0.0725491
93650	0.0725522
93700	0.0725492
93750	0.072599
93800	0.0726037
93850	0.0726702
93900	0.0727632
93950	0.0728947
94000	0.07314
94050	0.0731682
94100	0.0737073
94150	0.0733082
94200	0.0732819
94250	0.0733245
94300	0.0733746
94350	0.0733876
94400	0.0734178
94450	0.0734658
94500	0.0738621
94550	0.0738823
94600	0.07396
94650	0.0739286
94700	0.0739646
94750	0.0740346
94800	0.0740665
94850	0.074136
94900	0.0745312
94950	0.0745223
95000	0.074686
95050	0.0751338
95100	0.0747097
95150	0.0747475
95200	0.0747449
95250	0.0748066
95300	0.0747827
95350	0.0749105
95400	0.0752672
95450	0.0753025
95500	0.075501
95550	0.075366
95600	0.0753674
95650	0.0754274
95700	0.0754692
95750	0.0755604
95800	0.0759187
95850	0.0775061
95900	0.0767063
95950	0.0760802
96000	0.0760858
96050	0.0761428
96100	0.0762034
96150	0.076161
96200	0.0762485
96250	0.0762868
96300	0.076676
96350	0.0767698
96400	0.0769332
96450	0.0767727
96500	0.0767702
96550	0.0770678
96600	0.0769116
96650	0.0773154
96700	0.0771053
96750	0.077348
96800	0.0774553
96850	0.0774068
96900	0.0774745
96950	0.0775254
97000	0.0775125
97050	0.0775468
97100	0.0776395
97150	0.0776247
97200	0.0780751
97250	0.0780592
97300	0.0780712
97350	0.0781673
97400	0.0782203
97450	0.0782927
97500	0.0786879
97550	0.0783776
97600	0.0784113
97650	0.0787659
97700	0.0787923
97750	0.0789279
97800	0.0788663
97850	0.0789303
97900	0.0789691
97950	0.0789617
98000	0.0789883
98050	0.0790583
98100	0.0794762
98150	0.0795258
98200	0.0795372
98250	0.0796005
98300	0.0800123
98350	0.0797245
98400	0.0797258
98450	0.0797239
98500	0.079764
98550	0.0801851
98600	0.0804052
98650	0.0802849
98700	0.0803161
98750	0.0803536
98800	0.0808796
98850	0.0803976
98900	0.0804093
98950	0.0805337
99000	0.0815646
99050	0.0814335
99100	0.0810061
99150	0.0810143
99200	0.0810145
99250	0.0811549
99300	0.0811201
99350	0.0811762
99400	0.0811936
99450	0.0816738
99500	0.0816366
99550	0.0816798
99600	0.0817114
99650	0.0817431
99700	0.0818688
99750	0.0823744
99800	0.0819167
99850	0.0818915
99900	0.0823412
99950	0.0823654
100000	0.0824548
100050	0.0824321
100100	0.0824863
100150	0.0825089
100200	0.0825406
100250	0.0826138
100300	0.0826179
100350	0.0830609
100400	0.0831359
100450	0.0836041
100500	0.0832
100550	0.0832071
100600	0.083269
100650	0.083301
100700	0.0833419
100750	0.0833553
100800	0.0838066
100850	0.0838107
100900	0.0838509
100950	0.0839045
101000	0.0839267
101050	0.0840235
101100	0.0844743
101150	0.0840771
101200	0.084107
101250	0.0845419
101300	0.0845705
101350	0.0845855
101400	0.0846468
101450	0.0846847
101500	0.0847017
101550	0.0847348
101600	0.0848065
101650	0.0848536
101700	0.0852714
101750	0.0857369
101800	0.0854058
101850	0.0853451
101900	0.0854519
101950	0.0854574
102000	0.0854969
102050	0.0855588
102100	0.0855476
102150	0.0860254
102200	0.0859874
102250	0.0860811
102300	0.0860905
102350	0.0865549
102400	0.0864163
102450	0.086223
102500	0.0862318
102550	0.0863231
102600	0.0867562
102650	0.0867878
102700	0.0868556
102750	0.0868271
102800	0.0869123
102850	0.0870771
102900	0.0869793
102950	0.0873399
103000	0.0873354
103050	0.087497
103100	0.0875143
103150	0.087603
103200	0.0875776
103250	0.0876729
103300	0.0876896
103350	0.087698
103400	0.0877351
103450	0.0879303
103500	0.0882665
103550	0.0883329
103600	0.0889022
103650	0.0883802
103700	0.088397
103750	0.088467
103800	0.0884232
103850	0.0885142
103900	0.0885836
103950	0.089011
104000	0.0890273
104050	0.0890993
104100	0.0890877
104150	0.0897366
104200	0.0892562
104250	0.0907262
104300	0.0892532
104350	0.0893459
104400	0.0897558
104450	0.0898141
104500	0.0898212
104550	0.0898415
104600	0.0900201
104650	0.0900229
104700	0.090585
104750	0.0902361
104800	0.0900738
104850	0.0905229
104900	0.0905314
104950	0.0906081
105000	0.0906228
105050	0.0906953
105100	0.0906732
105150	0.0907444
105200	0.0907597
105250	0.0911888
105300	0.0913032
105350	0.0913147
105400	0.0913152
105450	0.0914112
105500	0.0913861
105550	0.0914739
105600	0.091482
105650	0.0915346
105700	0.0916079
105750	0.0920898
105800	0.0925232
105850	0.0921741
105900	0.0921227
105950	0.0921556
106000	0.0922258
106050	0.0922294
106100	0.0923066
106150	0.0923134
106200	0.0928684
106250	0.0928594
106300	0.0929062
106350	0.0933789
106400	0.0929719
106450	0.0929424
106500	0.0930573
106550	0.0930451
106600	0.0930785
106650	0.0935586
106700	0.0936019
106750	0.0936393
106800	0.0936793
106850	0.0942447
106900	0.093835
106950	0.0937647
107000	0.0938479
107050	0.0938477
107100	0.0943511
107150	0.0943688
107200	0.0943762
107250	0.09445
107300	0.0944649
107350	0.0949487
107400	0.0947272
107450	0.0945974
107500	0.0946342
107550	0.0951196
107600	0.0951454
107650	0.0951976
107700	0.0951698
107750	0.0953036
107800	0.0953098
107850	0.0957508
107900	0.0956155
107950	0.0954211
108000	0.0958918
108050	0.0958891
108100	0.0959633
108150	0.0960082
108200	0.0960206
108250	0.0961678
108300	0.0961039
108350	0.0966279
108400	0.0962944
108450	0.0966671
108500	0.0967048
108550	0.0967241
108600	0.0968131
108650	0.0967977
108700	0.0968297
108750	0.0969425
108800	0.0969846
108850	0.0974778
108900	0.0974676
108950	0.0974649
109000	0.0975109
109050	0.0975789
109100	0.0976161
109150	0.0976411
109200	0.0976673
109250	0.0977714
109300	0.0980661
109350	0.0982832
109400	0.0982678
109450	0.0983523
109500	0.0983629
109550	0.0984082
109600	0.0984217
109650	0.0984633
109700	0.0985405
109750	0.0985976
109800	0.099096
109850	0.0990827
109900	0.0994405
109950	0.0991543
110000	0.0991792
110050	0.0992478
110100	0.0992535
110150	0.0993271
110200	0.0993696
110250	0.0998814
110300	0.0998798
110350	0.0999169
110400	0.0999369
110450	0.0999636
110500	0.100047
110550	0.100045
110600	0.100171
110650	0.100188
110700	0.10068
110750	0.100642
110800	0.100742
110850	0.100754
110900	0.100757
110950	0.101002
111000	0.100847
111050	0.100915
111100	0.100991
111150	0.101483
111200	0.101488
111250	0.101532
111300	0.101552
111350	0.101594
111400	0.101608
111450	0.101651
111500	0.101723
111550	0.101954
111600	0.102299
111650	0.10229
111700	0.102325
111750	0.102365
111800	0.102397
111850	0.102443
111900	0.102486
111950	0.102531
112000	0.103112
112050	0.103117
112100	0.103083
112150	0.103152
112200	0.103173
112250	0.10318
112300	0.103443
112350	0.103596
112400	0.103762
112450	0.103653
112500	0.103919
112550	0.103889
112600	0.103904
112650	0.103973
112700	0.104014
112750	0.10409
112800	0.104102
112850	0.104756
112900	0.104239
112950	0.104672
113000	0.104701
113050	0.104741
113100	0.104764
113150	0.104828
113200	0.104932
113250	0.105467
113300	0.105032
113350	0.105004
113400	0.105563
113450	0.105544
113500	0.105529
113550	0.105599
113600	0.10568
113650	0.106159
113700	0.105773
113750	0.10576
113800	0.105812
113850	0.106338
113900	0.106307
113950	0.106408
114000	0.106443
114050	0.107028
114100	0.106554
114150	0.106556
114200	0.10662
114250	0.106635
114300	0.107131
114350	0.107182
114400	0.107687
114450	0.107326
114500	0.107319
114550	0.107335
114600	0.107403
114650	0.107386
114700	0.107492
114750	0.107963
114800	0.108536
114850	0.10805
114900	0.108133
114950	0.108115
115000	0.108183
115050	0.108194
115100	0.108254
115150	0.108283
115200	0.108834
115250	0.10886
115300	0.108888
115350	0.108896
115400	0.108944
115450	0.108983
115500	0.109027
115550	0.109099
115600	0.109524
115650	0.109645
115700	0.109644
115750	0.109686
115800	0.109762
115850	0.109742
115900	0.110078
115950	0.109864
116000	0.110478
116050	0.109997
116100	0.110453
116150	0.110508
116200	0.110494
116250	0.110597
116300	0.110638
116350	0.111185
116400	0.110716
116450	0.110774
116500	0.110823
116550	0.111323
116600	0.111321
116650	0.111389
116700	0.111961
116750	0.111445
116800	0.111535
116850	0.111607
116900	0.111565
116950	0.111661
117000	0.11214
117050	0.112679
117100	0.11223
117150	0.112285
117200	0.112331
117250	0.112362
117300	0.112389
117350	0.112433
117400	0.112503
117450	0.113073
117500	0.113176
117550	0.113165
117600	0.113133
117650	0.113196
117700	0.113247
117750	0.113843
117800	0.113909
117850	0.11342
117900	0.113908
117950	0.113858
118000	0.113902
118050	0.11397
118100	0.114538
118150	0.114588
118200	0.114097
118250	0.114197
118300	0.114176
118350	0.114695
118400	0.114741
118450	0.115267
118500	0.114883
118550	0.11486
118600	0.114932
118650	0.114934
118700	0.114978
118750	0.115057
118800	0.115596
118850	0.115592
118900	0.11567
118950	0.115717
119000	0.115702
119050	0.115773
119100	0.11579
119150	0.115859
119200	0.116412
119250	0.116421
119300	0.116457
119350	0.116504
119400	0.116511
119450	0.116608
119500	0.117067
119550	0.116835
119600	0.116714
119650	0.116804
119700	0.117279
119750	0.11755
119800	0.117745
119850	0.11759
119900	0.117477
119950	0.117506
120000	0.117539
120050	0.117592
120100	0.117635
120150	0.1182
120200	0.11819
120250	0.11824
120300	0.118263
120350	0.118311
120400	0.118372
120450	0.118431
120500	0.118506
120550	0.119021
120600	0.119014
120650	0.119102
120700	0.119069
120750	0.119174
120800	0.119184
120850	0.11973
120900	0.119271
120950	0.11936
121000	0.119369
121050	0.119881
121100	0.120372
121150	0.120064
121200	0.120063
121250	0.120092
121300	0.12011
121350	0.120148
121400	0.120202
121450	0.120275
121500	0.120805
121550	0.120801
121600	0.120823
121650	0.121275
121700	0.120943
121750	0.121343
121800	0.121535
121850	0.121171
121900	0.121125
121950	0.121642
122000	0.121708
122050	0.121714
122100	0.122304
122150	0.121853
122200	0.121871
122250	0.121894
122300	0.121946
122350	0.12203
122400	0.12256
122450	0.122609
122500	0.122574
122550	0.12264
122600	0.122723
122650	0.122726
122700	0.122926
122750	0.123462
122800	0.122926
122850	0.123459
122900	0.123462
122950	0.12351
123000	0.124439
123050	0.123669
123100	0.123606
123150	0.123725
123200	0.123712
123250	0.12376
123300	0.124391
123350	0.124339
123400	0.1244
123450	0.124407
123500	0.12446
123550	0.124535
123600	0.124847
123650	0.124941
123700	0.124868
123750	0.125179
123800	0.125211
123850	0.12532
123900	0.125661
123950	0.12555
124000	0.12544
124050	0.125452
124100	0.125515
124150	0.12552
124200	0.126129
124250	0.126117
124300	0.126183
124350	0.126222
124400	0.126245
124450	0.126304
124500	0.126384
124550	0.126876
124600	0.126538
124650	0.126973
124700	0.127027
124750	0.127289
124800	0.127616
124850	0.127186
124900	0.127226
124950	0.12764
125000	0.127288
125050	0.127327
125100	0.127972
125150	0.127942
125200	0.127969
125250	0.127966
125300	0.128071
125350	0.128349
125400	0.128532
125450	0.128429
125500	0.128244
125550	0.128788
125600	0.128801
125650	0.12939
125700	0.128972
125750	0.129013
125800	0.128998
125850	0.129042
125900	0.129117
125950	0.129189
126000	0.129744
126050	0.129746
126100	0.129767
126150	0.129794
126200	0.129931
126250	0.130444
126300	0.130066
126350	0.13006
126400	0.130046
126450	0.130629
126500	0.130806
126550	0.130686
126600	0.130771
126650	0.130801
126700	0.13084
126750	0.130836
126800	0.130934
126850	0.131476
126900	0.131524
126950	0.131586
127000	0.131847
127050	0.132131
127100	0.131837
127150	0.131707
127200	0.132143
127250	0.131882
127300	0.131909
127350	0.132472
127400	0.132489
127450	0.132514
127500	0.132554
127550	0.132742
127600	0.133071
127650	0.133482
127700	0.132794
127750	0.132854
127800	0.133392
127850	0.134292
127900	0.133493
127950	0.133502
128000	0.133552
128050	0.133588
128100	0.133633
128150	0.133685
128200	0.134101
128250	0.134296
128300	0.134316
128350	0.134364
128400	0.134903
128450	0.134597
128500	0.134529
128550	0.134563
128600	0.134611
128650	0.134661
128700	0.135277
128750	0.135236
128800	0.135294
128850	0.13534
128900	0.135389
128950	0.135747
129000	0.135732
129050	0.135573
129100	0.135601
129150	0.136167
129200	0.136275
129250	0.136261
129300	0.136273
129350	0.136289
129400	0.136369
129450	0.136406
129500	0.136711
129550	0.136783
129600	0.137074
129650	0.137093
129700	0.13758
129750	0.137298
129800	0.137327
129850	0.137322
129900	0.137321
129950	0.137397
130000	0.13745
130050	0.138053
130100	0.138007
130150	0.138113
130200	0.138197
130250	0.13865
130300	0.138255
130350	0.138386
130400	0.138338
130450	0.138352
130500	0.139001
130550	0.139052
130600	0.138997
130650	0.13908
130700	0.139148
130750	0.139432
130800	0.139455
130850	0.139488
130900	0.139365
130950	0.139944
131000	0.139959
131050	0.140019
131100	0.139993
131150	0.140059
131200	0.140113
131250	0.140239
131300	0.140767
131350	0.140284
131400	0.140893
131450	0.141425
131500	0.140986
131550	0.141033
131600	0.141081
131650	0.14104
131700	0.14112
131750	0.141168
131800	0.141627
131850	0.141779
131900	0.142002
131950	0.142649
132000	0.142009
132050	0.142009
132100	0.14198
132150	0.142045
132200	0.1421
132250	0.142179
132300	0.142833
132350	0.142753
132400	0.142835
132450	0.143222
132500	0.142989
132550	0.142988
132600	0.143006
132650	0.143073
132700	0.143088
132750	0.143718
132800	0.14369
132850	0.14378
132900	0.143828
132950	0.144255
133000	0.144055
133050	0.144001
133100	0.144002
133150	0.144088
133200	0.144714
133250	0.144687
133300	0.14471
133350	0.144789
133400	0.144892
133450	0.145385
133500	0.144932
133550	0.145035
133600	0.145047
133650	0.14566
133700	0.145668
133750	0.145697
133800	0.145746
133850	0.145799
133900	0.145905
133950	0.146364
134000	0.145993
134050	0.146005
134100	0.14661
134150	0.146653
134200	0.146675
134250	0.14665
134300	0.146788
134350	0.146848
134400	0.147351
134450	0.147274
134500	0.146982
134550	0.147575
134600	0.147614
134650	0.147635
134700	0.147649
134750	0.147751
134800	0.147775
134850	0.148824
134900	0.148012
134950	0.147977
135000	0.148554
135050	0.148601
135100	0.148644
135150	0.148649
135200	0.148655
135250	0.148798
135300	0.148964
135350	0.14925
135400	0.148914
135450	0.149516
135500	0.149544
135550	0.149573
135600	0.149621
135650	0.149637
135700	0.149772
135750	0.14978
135800	0.150298
135850	0.149923
135900	0.150497
135950	0.150566
136000	0.150562
136050	0.150603
136100	0.150645
136150	0.150762
136200	0.150889
136250	0.151711
136300	0.150849
136350	0.151571
136400	0.151523
136450	0.151535
136500	0.151573
136550	0.151602
136600	0.15198
136650	0.152217
136700	0.151861
136750	0.15193
136800	0.152454
136850	0.152534
136900	0.152546
136950	0.152531
137000	0.152613
137050	0.1529
137100	0.153208
137150	0.152826
137200	0.152885
137250	0.153459
137300	0.15347
137350	0.153528
137400	0.153519
137450	0.153626
137500	0.153714
137550	0.15411
137600	0.153854
137650	0.153838
137700	0.154438
137750	0.154471
137800	0.154478
137850	0.154529
137900	0.154584
137950	0.155164
138000	0.154889
138050	0.154752
138100	0.154801
138150	0.155451
138200	0.155458
138250	0.155444
138300	0.155564
138350	0.156092
138400	0.155719
138450	0.155726
138500	0.155779
138550	0.155763
138600	0.156426
138650	0.156382
138700	0.156529
138750	0.156821
138800	0.156852
138850	0.156737
138900	0.156684
138950	0.156713
139000	0.156814
139050	0.157425
139100	0.157471
139150	0.157471
139200	0.158025
139250	0.157655
139300	0.157702
139350	0.157649
139400	0.157739
139450	0.157876
139500	0.158455
139550	0.158684
139600	0.158785
139650	0.158602
139700	0.158587
139750	0.158634
139800	0.158688
139850	0.158796
139900	0.159258
139950	0.159462
140000	0.160151
140050	0.159528
140100	0.159566
140150	0.159562
140200	0.159724
140250	0.159722
140300	0.16082
140350	0.159871
140400	0.160489
140450	0.160536
140500	0.16052
140550	0.160503
140600	0.160652
140650	0.161135
140700	0.161094
140750	0.161374
140800	0.160897
140850	0.161525
140900	0.161474
140950	0.161544
141000	0.161676
141050	0.162184
141100	0.161773
141150	0.161783
141200	0.161841
141250	0.161871
141300	0.162513
141350	0.162524
141400	0.162951
141450	0.162737
141500	0.162801
141550	0.162713
141600	0.162762
141650	0.162907
141700	0.16314
141750	0.163534
141800	0.163986
141850	0.163631
141900	0.163724
141950	0.163681
142000	0.163755
142050	0.163808
142100	0.164304
142150	0.163994
142200	0.164584
142250	0.164577
142300	0.164621
142350	0.164642
142400	0.164747
142450	0.165326
142500	0.164886
142550	0.164925
142600	0.164942
142650	0.165598
142700	0.165563
142750	0.165673
142800	0.166102
142850	0.16582
142900	0.165856
142950	0.165888
143000	0.165879
143050	0.166018
143100	0.166605
143150	0.167089
143200	0.166749
143250	0.166802
143300	0.167153
143350	0.166818
143400	0.166922
143450	0.168137
143500	0.167113
143550	0.167743
143600	0.167687
143650	0.167741
143700	0.167727
143750	0.167838
143800	0.168334
143850	0.168473
143900	0.168022
143950	0.168059
144000	0.168775
144050	0.168647
144100	0.168759
144150	0.169341
144200	0.168921
144250	0.168909
144300	0.169001
144350	0.169018
144400	0.169202
144450	0.169727
144500	0.17027
144550	0.169839
144600	0.169861
144650	0.169884
144700	0.169955
144750	0.170301
144800	0.170246
144850	0.170201
144900	0.170785
144950	0.17076
145000	0.170807
145050	0.170892
145100	0.171428
145150	0.171008
145200	0.171157
145250	0.171096
145300	0.17117
145350	0.171839
145400	0.172033
145450	0.172103
145500	0.172013
145550	0.171997
145600	0.172026
145650	0.17213
145700	0.172572
145750	0.172266
145800	0.172862
145850	0.172887
145900	0.172881
145950	0.172994
146000	0.173075
146050	0.173512
146100	0.173224
146150	0.173225
146200	0.173237
146250	0.173949
146300	0.173978
146350	0.174572
146400	0.174051
146450	0.174127
146500	0.174105
146550	0.174237
146600	0.174289
146650	0.174818
146700	0.174966
146750	0.175025
146800	0.175061
146850	0.175027
146900	0.175256
146950	0.175698
147000	0.175295
147050	0.175323
147100	0.175342
147150	0.176054
147200	0.17609
147250	0.176652
147300	0.176726
147350	0.176274
147400	0.176199
147450	0.176316
147500	0.176596
147550	0.176786
147600	0.17721
147650	0.177104
147700	0.177126
147750	0.177227
147800	0.177646
147850	0.177468
147900	0.17768
147950	0.177406
148000	0.177456
148050	0.17816
148100	0.178679
148150	0.178292
148200	0.178287
148250	0.178323
148300	0.178349
148350	0.178433
148400	0.179069
148450	0.178616
148500	0.179237
148550	0.179231
148600	0.179215
148650	0.179398
148700	0.179918
148750	0.179486
148800	0.179481
148850	0.179531
148900	0.179871
148950	0.180341
149000	0.180356
149050	0.180451
149100	0.180386
149150	0.180416
149200	0.180575
149250	0.181128
149300	0.180663
149350	0.180717
149400	0.181373
149450	0.18135
149500	0.181898
149550	0.181573
149600	0.181627
149650	0.181588
149700	0.181619
149750	0.181892
149800	0.18224
149850	0.182466
149900	0.182468
149950	0.182457
150000	0.182773
150050	0.183151
150100	0.182752
150150	0.182931
150200	0.182841
150250	0.182887
150300	0.183525
150350	0.18407
150400	0.183674
150450	0.18363
150500	0.183654
150550	0.183768
150600	0.184276
150650	0.183953
150700	0.183984
150750	0.184697
150800	0.184586
150850	0.185133
150900	0.184844
150950	0.185309
151000	0.184829
151050	0.184866
151100	0.185007
151150	0.186081
151200	0.185834
151250	0.185946
151300	0.185709
151350	0.185822
151400	0.186401
151450	0.185956
151500	0.186065
151550	0.185988
151600	0.186076
151650	0.186808
151700	0.186831
151750	0.186915
151800	0.186845
151850	0.186925
151900	0.187529
151950	0.187191
152000	0.187184
152050	0.187193
152100	0.187853
152150	0.188335
152200	0.187961
152250	0.18803
152300	0.188093
152350	0.188056
152400	0.188198
152450	0.188667
152500	0.188357
152550	0.188969
152600	0.188916
152650	0.189224
152700	0.189406
152750	0.189211
152800	0.189215
152850	0.189199
152900	0.189571
152950	0.189902
153000	0.190121
153050	0.190321
153100	0.190918
153150	0.19029
153200	0.190685
153250	0.190379
153300	0.191199
153350	0.190391
153400	0.190526
153450	0.191204
153500	0.191459
153550	0.191264
153600	0.19126
153650	0.191838
153700	0.191612
153750	0.191563
153800	0.191531
153850	0.191545
153900	0.192927
153950	0.192238
154000	0.192956
154050	0.192362
154100	0.192445
154150	0.192907
154200	0.192617
154250	0.193301
154300	0.192681
154350	0.19341
154400	0.193863
154450	0.193517
154500	0.193488
154550	0.193554
154600	0.193612
154650	0.194115
154700	0.193728
154750	0.193885
154800	0.194498
154850	0.194893
154900	0.194601
154950	0.194634
155000	0.194678
155050	0.194726
155100	0.194906
155150	0.195231
155200	0.195242
155250	0.195596
155300	0.195689
155350	0.196142
155400	0.19578
155450	0.195798
155500	0.19582
155550	0.19592
155600	0.196434
155650	0.196028
155700	0.19672
155750	0.196752
155800	0.197256
155850	0.19686
155900	0.196964
155950	0.196926
156000	0.197245
156050	0.197533
156100	0.197145
156150	0.197842
156200	0.197775
156250	0.198248
156300	0.198146
156350	0.198056
156400	0.198071
156450	0.19811
156500	0.198502
156550	0.198494
156600	0.198982
156650	0.19893
156700	0.199247
156750	0.199566
156800	0.199211
156850	0.199507
156900	0.199233
156950	0.199396
157000	0.199881
157050	0.200221
157100	0.200058
157150	0.200224
157200	0.200683
157250	0.200537
157300	0.200724
157350	0.200363
157400	0.200526
157450	0.200985
157500	0.201224
157550	0.201189
157600	0.20161
157650	0.201561
157700	0.201442
157750	0.20146
157800	0.201496
157850	0.202029
157900	0.201798
157950	0.20245
158000	0.202383
158050	0.202916
158100	0.202542
158150	0.202611
158200	0.202566
158250	0.202897
158300	0.203251
158350	0.202827
158400	0.203497
158450	0.203542
158500	0.204067
158550	0.203634
158600	0.203711
158650	0.203698
158700	0.203808
158750	0.204398
158800	0.20395
158850	0.204639
158900	0.204958
158950	0.204942
159000	0.205006
159050	0.204899
159100	0.204858
159150	0.20535
159200	0.20514
159250	0.205122
159300	0.205823
159350	0.206319
159400	0.205872
159450	0.20593
159500	0.205961
159550	0.206567
159600	0.208549
159650	0.206225
159700	0.20629
159750	0.206983
159800	0.206955
159850	0.20707
159900	0.207036
159950	0.207088
160000	0.207695
160050	0.207278
160100	0.208017
160150	0.207334
160200	0.208222
160250	0.208288
160300	0.208144
160350	0.208238
160400	0.208914
160450	0.208374
160500	0.20849
160550	0.208429
160600	0.208472
160650	0.209271
160700	0.209272
160750	0.209259
160800	0.209686
160850	0.209661
160900	0.209517
160950	0.209539
161000	0.20959
161050	0.210225
161100	0.210399
161150	0.210327
161200	0.210753
161250	0.210742
161300	0.210677
161350	0.210641
161400	0.210699
161450	0.211317
161500	0.210881
161550	0.211569
161600	0.211963
161650	0.211702
161700	0.211942
161750	0.211768
161800	0.211809
161850	0.212432
161900	0.212004
161950	0.212043
162000	0.212767
162050	0.212786
162100	0.212859
162150	0.212807
162200	0.212879
162250	0.213621
162300	0.213116
162350	0.213076
162400	0.21313
162450	0.213951
162500	0.213933
162550	0.213927
162600	0.214045
162650	0.214666
162700	0.214185
162750	0.214149
162800	0.214261
162850	0.214935
162900	0.215131
162950	0.215094
163000	0.215665
163050	0.21523
163100	0.215283
163150	0.215984
163200	0.215342
163250	0.216159
163300	0.215488
163350	0.216248
163400	0.216794
163450	0.216278
163500	0.216378
163550	0.216386
163600	0.217224
163650	0.216608
163700	0.21668
163750	0.216613
163800	0.21745
163850	0.217449
163900	0.217425
163950	0.217522
164000	0.218098
164050	0.217671
164100	0.217762
164150	0.217752
164200	0.218303
164250	0.218618
164300	0.218592
164350	0.219693
164400	0.218678
164450	0.21887
164500	0.218782
164550	0.218948
164600	0.219513
164650	0.219007
164700	0.219822
164750	0.219835
164800	0.219891
164850	0.219875
164900	0.21998
164950	0.220652
165000	0.220065
165050	0.220186
165100	0.220153
165150	0.220996
165200	0.2209
165250	0.220986
165300	0.221634
165350	0.221158
165400	0.221209
165450	0.221205
165500	0.221517
165550	0.221744
165600	0.222185
165650	0.222636
165700	0.222212
165750	0.222782
165800	0.222357
165850	0.222618
165900	0.222786
165950	0.222593
166000	0.222979
166050	0.223386
166100	0.223348
166150	0.223365
166200	0.224072
166250	0.223674
166300	0.223714
166350	0.223598
166400	0.223708
166450	0.224342
166500	0.224538
166550	0.225072
166600	0.224658
166650	0.224749
166700	0.224694
166750	0.224801
166800	0.225451
166850	0.224921
166900	0.225002
166950	0.225742
167000	0.225788
167050	0.225731
167100	0.226286
167150	0.226101
167200	0.226052
167250	0.226012
167300	0.226073
167350	0.2267
167400	0.226912
167450	0.227525
167500	0.227052
167550	0.227049
167600	0.227094
167650	0.227698
167700	0.227457
167750	0.227432
167800	0.227315
167850	0.228177
167900	0.228143
167950	0.228192
168000	0.228779
168050	0.228356
168100	0.228449
168150	0.228406
168200	0.229073
168250	0.228655
168300	0.229426
168350	0.22952
168400	0.229511
168450	0.229966
168500	0.229541
168550	0.23008
168600	0.229691
168650	0.230221
168700	0.230005
168750	0.230582
168800	0.230543
168850	0.231043
168900	0.230713
168950	0.230806
169000	0.230784
169050	0.231124
169100	0.231218
169150	0.231028
169200	0.231812
169250	0.231819
169300	0.231786
169350	0.231887
169400	0.232443
169450	0.232045
169500	0.232165
169550	0.232131
169600	0.23283
169650	0.232977
169700	0.233531
169750	0.233083
169800	0.233204
169850	0.233163
169900	0.233774
169950	0.233368
170000	0.233417
170050	0.233425
170100	0.234441
170150	0.234216
170200	0.234801
170250	0.23445
170300	0.234786
170350	0.234445
170400	0.234509
170450	0.235997
170500	0.234721
170550	0.235487
170600	0.235477
170650	0.235474
170700	0.235555
170750	0.236313
170800	0.235757
170850	0.235793
170900	0.235851
170950	0.236391
171000	0.236783
171050	0.236818
171100	0.236743
171150	0.2373
171200	0.236882
171250	0.237429
171300	0.236995
171350	0.237053
171400	0.237112
171450	0.23794
171500	0.238184
171550	0.238186
171600	0.23806
171650	0.238254
171700	0.238176
171750	0.238732
171800	0.238304
171850	0.238379
171900	0.239189
171950	0.239098
172000	0.239603
172050	0.239379
172100	0.239358
172150	0.23939
172200	0.239499
172250	0.240058
172300	0.239648
172350	0.240419
172400	0.240421
172450	0.240393
172500	0.240993
172550	0.240627
172600	0.240701
172650	0.24064
172700	0.241193
172750	0.240942
172800	0.241636
172850	0.241612
172900	0.241694
172950	0.241725
173000	0.242358
173050	0.241875
173100	0.241991
173150	0.241961
173200	0.2426
173250	0.24288
173300	0.243007
173350	0.242958
173400	0.243002
173450	0.243029
173500	0.243649
173550	0.243175
173600	0.243905
173650	0.243326
173700	0.244271
173750	0.244687
173800	0.244167
173850	0.24426
173900	0.244248
173950	0.244925
174000	0.24449
174050	0.24452
174100	0.244557
174150	0.245378
174200	0.246005
174250	0.245502
174300	0.245601
174350	0.245511
174400	0.246038
174450	0.245847
174500	0.245768
174550	0.245798
174600	0.246629
174650	0.246762
174700	0.247267
174750	0.246817
174800	0.246772
174850	0.246876
174900	0.247609
174950	0.247043
175000	0.247115
175050	0.247906
175100	0.248093
175150	0.248476
175200	0.24804
175250	0.248103
175300	0.2481
175350	0.248729
175400	0.248258
175450	0.248325
175500	0.249148
175550	0.249114
175600	0.24971
175650	0.249267
175700	0.249337
175750	0.249368
175800	0.249977
175850	0.249527
175900	0.249658
175950	0.250504
176000	0.251094
176050	0.250995
176100	0.250533
176150	0.250638
176200	0.25121
176250	0.251293
176300	0.2508
176350	0.250896
176400	0.251673
176450	0.251686
176500	0.252275
176550	0.251791
176600	0.252325
176650	0.251892
176700	0.252683
176750	0.252063
176800	0.252189
176850	0.252961
176900	0.253146
176950	0.253532
177000	0.25306
177050	0.25318
177100	0.253238
177150	0.253685
177200	0.253331
177250	0.253406
177300	0.254251
177350	0.254741
177400	0.254329
177450	0.254343
177500	0.254396
177550	0.2551
177600	0.254606
177650	0.254621
177700	0.254691
177750	0.255547
177800	0.256013
177850	0.25555
177900	0.25564
177950	0.255713
178000	0.256292
178050	0.255872
178100	0.255852
178150	0.255958
178200	0.256877
178250	0.256849
178300	0.256818
178350	0.257526
178400	0.257479
178450	0.257108
178500	0.25712
178550	0.257646
178600	0.257711
178650	0.258128
178700	0.258047
178750	0.258113
178800	0.25817
178850	0.258742
178900	0.25829
178950	0.258359
179000	0.258691
179050	0.258756
179100	0.259347
179150	0.259306
179200	0.259369
179250	0.260073
179300	0.259563
179350	0.259601
179400	0.259657
179450	0.260256
179500	0.259827
179550	0.260637
179600	0.260615
179650	0.26125
179700	0.260781
179750	0.260785
179800	0.260848
179850	0.261569
179900	0.261029
179950	0.261111
180000	0.261915
180050	0.262494
180100	0.262216
180150	0.262037
180200	0.262117
180250	0.262661
180300	0.262274
180350	0.262311
180400	0.262366
180450	0.263271
180500	0.263283
180550	0.263227
180600	0.263318
180650	0.263996
180700	0.263532
180750	0.263561
180800	0.264119
180850	0.264207
180900	0.264591
180950	0.264517
181000	0.264522
181050	0.265127
181100	0.265111
181150	0.264751
181200	0.264795
181250	0.26607
181300	0.264964
181350	0.265817
181400	0.265744
181450	0.266465
181500	0.266005
181550	0.265996
181600	0.266088
181650	0.266626
181700	0.266222
181750	0.26624
181800	0.267144
181850	0.267382
181900	0.267198
181950	0.267197
182000	0.267894
182050	0.267446
182100	0.267429
182150	0.267525
182200	0.268114
182250	0.268436
182300	0.268413
182350	0.268686
182400	0.269044
182450	0.268682
182500	0.268659
182550	0.268733
182600	0.269497
182650	0.268901
182700	0.269744
182750	0.270058
182800	0.269882
182850	0.269891
182900	0.269933
182950	0.270419
183000	0.270076
183050	0.270104
183100	0.271158
183150	0.271238
183200	0.270997
183250	0.271118
183300	0.271157
183350	0.271691
183400	0.27128
183450	0.271388
183500	0.271892
183550	0.271583
183600	0.272297
183650	0.272385
183700	0.272853
183750	0.272494
183800	0.272528
183850	0.272955
183900	0.273591
183950	0.273575
184000	0.272829
184050	0.273689
184100	0.273711
184150	0.273654
184200	0.273814
184250	0.274313
184300	0.273945
184350	0.274032
184400	0.27791
184450	0.274643
184500	0.275052
184550	0.275282
184600	0.27561
184650	0.275254
184700	0.275295
184750	0.2754
184800	0.275859
184850	0.275565
184900	0.275546
184950	0.276494
185000	0.276501
185050	0.276475
185100	0.276625
185150	0.27741
185200	0.276874
185250	0.276798
185300	0.277807
185350	0.276965
185400	0.277881
185450	0.277872
185500	0.278354
185550	0.27806
185600	0.277917
185650	0.278555
185700	0.278291
185750	0.278164
185800	0.278275
185850	0.279165
185900	0.279144
185950	0.279166
186000	0.279753
186050	0.279422
186100	0.27934
186150	0.279445
186200	0.280594
186250	0.279655
186300	0.28048
186350	0.281119
186400	0.280552
186450	0.280561
186500	0.280749
186550	0.281203
186600	0.280827
186650	0.28085
186700	0.281548
186750	0.281826
186800	0.281766
186850	0.282196
186900	0.282262
186950	0.282015
187000	0.282098
187050	0.282689
187100	0.282241
187150	0.282304
187200	0.283232
187250	0.283193
187300	0.283171
187350	0.283295
187400	0.284318
187450	0.283478
187500	0.283479
187550	0.284537
187600	0.283725
187650	0.284506
187700	0.284895
187750	0.284664
187800	0.284614
187850	0.285111
187900	0.285249
187950	0.284933
188000	0.2849
188050	0.28549
188100	0.285869
188150	0.285817
188200	0.286423
188250	0.28603
188300	0.286069
188350	0.2861
188400	0.28681
188450	0.286341
188500	0.286325
188550	0.287265
188600	0.287259
188650	0.287269
188700	0.287823
188750	0.287403
188800	0.28744
188850	0.287572
188900	0.288204
188950	0.287732
189000	0.288602
189050	0.288944
189100	0.288709
189150	0.28869
189200	0.289299
189250	0.288913
189300	0.288857
189350	0.289412
189400	0.289245
189450	0.289968
189500	0.291025
189550	0.290015
189600	0.290059
189650	0.290151
189700	0.291253
189750	0.290276
189800	0.290363
189850	0.29084
189900	0.291306
189950	0.291269
190000	0.291956
190050	0.291445
190100	0.291518
190150	0.292078
190200	0.29171
190250	0.291674
190300	0.29199
190350	0.292693
190400	0.292585
190450	0.293315
190500	0.292835
190550	0.292853
190600	0.292949
190650	0.293493
190700	0.293101
190750	0.293132
190800	0.294715
190850	0.294032
190900	0.294351
190950	0.29501
191000	0.294282
191050	0.294289
191100	0.294944
191150	0.294463
191200	0.294475
191250	0.295447
191300	0.295428
191350	0.295434
191400	0.296173
191450	0.295587
191500	0.295635
191550	0.29616
191600	0.295941
191650	0.295884
191700	0.296956
191750	0.296776
191800	0.296745
191850	0.297367
191900	0.297026
191950	0.297033
192000	0.297437
192050	0.29767
192100	0.297306
192150	0.298157
192200	0.298147
192250	0.298147
192300	0.298653
192350	0.298448
192400	0.298425
192450	0.298504
192500	0.29904
192550	0.298655
192600	0.299607
192650	0.299519
192700	0.299529
192750	0.299931
192800	0.299909
192850	0.299837
192900	0.299903
192950	0.300607
193000	0.300066
193050	0.300917
193100	0.300946
193150	0.300929
193200	0.301722
193250	0.301339
193300	0.301183
193350	0.301248
193400	0.301828
193450	0.301425
193500	0.302407
193550	0.302342
193600	0.302253
193650	0.302982
193700	0.303206
193750	0.302529
193800	0.30272
193850	0.303838
193900	0.302818
193950	0.303693
194000	0.303681
194050	0.303733
194100	0.304392
194150	0.303915
194200	0.303869
194250	0.304487
194300	0.304106
194350	0.3042
194400	0.305163
194450	0.305056
194500	0.305071
194550	0.30569
194600	0.305296
194650	0.305327
194700	0.305926
194750	0.305525
194800	0.305532
194850	0.306488
194900	0.306356
194950	0.306895
195000	0.306656
195050	0.30667
195100	0.306809
195150	0.307194
195200	0.306887
195250	0.306959
195300	0.307974
195350	0.308069
195400	0.308375
195450	0.307995
195500	0.308086
195550	0.308669
195600	0.308262
195650	0.308207
195700	0.308832
195750	0.309366
195800	0.309633
195850	0.309359
195900	0.309398
195950	0.309747
196000	0.309701
196050	0.309577
196100	0.309632
196150	0.310198
196200	0.310646
196250	0.31099
196300	0.310782
196350	0.311
196400	0.311349
196450	0.310977
196500	0.310992
196550	0.311506
196600	0.311194
196650	0.312087
196700	0.312078
196750	0.312111
196800	0.312691
196850	0.312267
196900	0.312268
196950	0.313383
197000	0.312463
197050	0.312517
197100	0.313451
197150	0.313317
197200	0.314056
197250	0.313611
197300	0.313619
197350	0.314146
197400	0.313809
197450	0.31385
197500	0.313994
197550	0.314986
197600	0.31531
197650	0.31551
197700	0.314932
197750	0.315401
197800	0.315237
197850	0.315172
197900	0.315528
197950	0.315857
198000	0.316261
198050	0.31634
198100	0.316308
198150	0.316807
198200	0.316577
198250	0.316553
198300	0.316636
198350	0.317166
198400	0.316786
198450	0.317711
198500	0.317618
198550	0.318167
198600	0.317891
198650	0.317894
198700	0.318401
198750	0.318273
198800	0.31811
198850	0.318171
198900	0.319143
198950	0.319851
199000	0.319208
199050	0.319234
199100	0.319771
199150	0.319459
199200	0.319426
199250	0.319984
199300	0.319724
199350	0.320544
199400	0.321073
199450	0.320527
199500	0.32124
199550	0.321827
199600	0.320761
199650	0.322074
199700	0.321469
199750	0.321059
199800	0.322016
199850	0.322268
199900	0.32245
199950	0.322129
200000	0.322178
200050	0.322711
200100	0.322328
200150	0.322419
200200	0.322998
200250	0.323415
200300	0.323392
200350	0.323469
200400	0.324216
200450	0.323662
200500	0.323696
200550	0.324258
200600	0.323846
200650	0.323924
200700	0.324903
200750	0.324804
200800	0.325496
200850	0.325042
200900	0.325045
200950	0.325729
201000	0.325266
201050	0.325236
201100	0.325947
201150	0.326329
201200	0.326237
201250	0.326351
201300	0.326924
201350	0.327249
201400	0.326576
201450	0.327092
201500	0.327255
201550	0.326784
201600	0.327811
201650	0.327761
201700	0.328293
201750	0.32804
201800	0.328234
201850	0.328545
201900	0.328146
201950	0.328269
202000	0.328727
202050	0.329243
202100	0.329228
202150	0.329269
202200	0.329816
202250	0.329458
202300	0.329476
202350	0.330198
202400	0.32973
202450	0.329678
202500	0.330716
202550	0.331146
202600	0.330747
202650	0.330787
202700	0.33142
202750	0.331006
202800	0.331034
202850	0.331607
202900	0.331185
202950	0.332168
203000	0.332025
203050	0.332824
203100	0.332275
203150	0.332288
203200	0.333225
203250	0.333108
203300	0.332523
203350	0.333208
203400	0.333695
203450	0.333523
203500	0.33362
203550	0.334225
203600	0.3338
203650	0.333836
203700	0.334559
203750	0.33408
203800	0.334043
203850	0.335141
203900	0.335493
203950	0.335146
204000	0.33515
204050	0.335801
204100	0.335355
204150	0.335385
204200	0.335936
204250	0.335616
204300	0.336509
204350	0.336497
204400	0.33713
204450	0.336663
204500	0.33694
204550	0.337333
204600	0.336923
204650	0.33688
204700	0.337561
204750	0.337994
204800	0.33799
204850	0.337991
204900	0.338615
204950	0.338221
205000	0.338313
205050	0.338858
205100	0.338936
205150	0.338817
205200	0.339572
205250	0.339457
205300	0.339501
205350	0.340163
205400	0.339614
205450	0.339717
205500	0.340319
205550	0.339887
205600	0.339974
205650	0.340943
205700	0.341458
205750	0.340984
205800	0.341256
205850	0.341596
205900	0.341275
205950	0.341276
206000	0.341854
206050	0.341456
206100	0.342409
206150	0.342769
206200	0.342514
206250	0.342889
206300	0.343194
206350	0.342697
206400	0.342746
206450	0.343339
206500	0.342915
206550	0.343886
206600	0.343828
206650	0.344398
206700	0.344054
206750	0.344051
206800	0.344714
206850	0.344821
206900	0.344849
206950	0.344607
207000	0.345453
207050	0.345546
207100	0.346114
207150	0.345592
207200	0.345603
207250	0.346148
207300	0.345695
207350	0.345808
207400	0.346487
207450	0.346844
207500	0.346766
207550	0.347437
207600	0.347299
207650	0.347024
207700	0.348256
207750	0.347225
207800	0.347247
207850	0.347912
207900	0.34844
207950	0.348278
208000	0.348883
208050	0.348485
208100	0.348518
208150	0.349323
208200	0.348731
208250	0.348752
208300	0.349348
208350	0.349837
208400	0.349773
208450	0.35041
208500	0.35015
208550	0.350645
208600	0.353304
208650	0.350231
208700	0.351015
208750	0.350931
208800	0.351394
208850	0.351276
208900	0.35183
208950	0.351493
209000	0.351506
209050	0.35225
209100	0.351725
209150	0.351966
209200	0.352302
209250	0.352839
209300	0.352703
209350	0.353479
209400	0.352985
209450	0.353012
209500	0.353683
209550	0.3532
209600	0.353253
209650	0.353844
209700	0.354361
209750	0.354389
209800	0.354784
209850	0.354397
209900	0.354524
209950	0.355307
210000	0.354713
210050	0.35504
210100	0.354914
210150	0.355804
210200	0.355906
210250	0.356167
210300	0.356346
210350	0.356619
210400	0.356137
210450	0.356637
210500	0.356784
210550	0.356324
210600	0.357333
210650	0.357804
210700	0.357381
210750	0.357656
210800	0.358014
210850	0.357635
210900	0.357685
210950	0.358263
211000	0.357834
211050	0.35886
211100	0.359311
211150	0.358891
211200	0.359419
211250	0.359147
211300	0.359126
211350	0.359802
211400	0.35926
211450	0.35938
211500	0.360462
211550	0.360319
211600	0.360415
211650	0.361056
211700	0.360598
211750	0.360701
211800	0.361201
211850	0.360761
211900	0.361445
211950	0.361967
212000	0.362349
212050	0.362318
212100	0.362037
212150	0.361987
212200	0.363052
212250	0.362192
212300	0.362516
212350	0.362837
212400	0.363362
212450	0.363592
212500	0.363696
212550	0.36342
212600	0.36399
212650	0.363673
212700	0.363684
212750	0.36438
212800	0.363893
212850	0.364872
212900	0.36531
212950	0.364914
213000	0.365401
213050	0.365203
213100	0.365108
213150	0.365699
213200	0.365344
213250	0.365382
213300	0.366428
213350	0.366371
213400	0.366785
213450	0.367092
213500	0.36656
213550	0.367159
213600	0.366846
213650	0.366835
213700	0.367633
213750	0.368066
213800	0.3679
213850	0.368598
213900	0.367981
213950	0.368547
214000	0.368324
214050	0.368259
214100	0.368889
214150	0.368472
214200	0.369487
214250	0.370109
214300	0.36943
214350	0.37019
214400	0.369773
214450	0.369698
214500	0.370455
214550	0.369957
214600	0.370174
214650	0.371087
214700	0.370953
214750	0.371659
214800	0.371167
214850	0.371151
214900	0.371886
214950	0.371373
215000	0.371415
215050	0.372149
215100	0.37297
215150	0.373016
215200	0.372605
215250	0.373449
215300	0.373279
215350	0.372832
215400	0.373971
215450	0.37306
215500	0.373568
215550	0.374127
215600	0.374009
215650	0.374586
215700	0.374322
215750	0.374309
215800	0.374765
215850	0.374451
215900	0.374616
215950	0.375167
216000	0.375646
216050	0.376078
216100	0.375636
216150	0.375834
216200	0.376369
216250	0.375885
216300	0.376622
216350	0.376207
216400	0.376144
216450	0.377242
216500	0.377055
216550	0.377802
216600	0.377356
216650	0.377374
216700	0.377868
216750	0.377549
216800	0.377844
216850	0.378088
216900	0.378856
216950	0.379233
217000	0.378756
217050	0.379519
217100	0.378999
217150	0.379034
217200	0.379587
217250	0.37919
217300	0.379265
217350	0.380353
217400	0.380422
217450	0.38091
217500	0.38038
217550	0.38082
217600	0.380665
217650	0.380631
217700	0.381213
217750	0.38087
217800	0.381878
217850	0.381835
217900	0.38187
217950	0.382582
218000	0.38199
218050	0.382537
218100	0.382313
218150	0.382407
218200	0.382928
218250	0.383399
218300	0.383856
218350	0.383483
218400	0.383552
218450	0.384164
218500	0.383646
218550	0.384817
218600	0.383941
218650	0.38414
218700	0.385165
218750	0.38519
218800	0.385592
218850	0.385404
218900	0.385692
218950	0.385418
219000	0.385306
219050	0.385893
219100	0.385546
219150	0.38655
219200	0.386559
219250	0.38671
219300	0.386973
219350	0.386696
219400	0.387372
219450	0.387004
219500	0.387175
219550	0.387521
219600	0.388102
219650	0.388566
219700	0.388132
219750	0.388694
219800	0.388402
219850	0.388423
219900	0.389012
219950	0.388589
220000	0.389063
220050	0.389776
220100	0.390719
220150	0.389792
220200	0.389797
220250	0.390376
220300	0.389995
220350	0.390582
220400	0.39025
220450	0.390206
220500	0.391292
220550	0.391232
220600	0.391799
220650	0.391332
220700	0.391936
220750	0.391545
220800	0.391711
220850	0.392448
220900	0.391774
220950	0.392891
221000	0.392744
221050	0.393421
221100	0.392965
221150	0.393593
221200	0.393474
221250	0.393155
221300	0.393909
221350	0.393466
221400	0.394465
221450	0.394329
221500	0.395133
221550	0.394658
221600	0.394547
221650	0.395699
221700	0.394818
221750	0.39575
221800	0.395078
221850	0.396064
221900	0.396021
221950	0.396408
222000	0.396299
222050	0.396147
222100	0.396851
222150	0.396399
222200	0.396683
222250	0.397184
222300	0.397692
222350	0.397608
222400	0.397657
222450	0.398236
222500	0.397735
222550	0.398355
222600	0.398053
222650	0.398099
222700	0.398695
222750	0.399217
222800	0.399168
222850	0.399228
222900	0.399867
222950	0.399346
223000	0.399941
223050	0.39965
223100	0.399867
223150	0.400297
223200	0.40094
223250	0.40078
223300	0.400805
223350	0.401598
223400	0.400998
223450	0.401752
223500	0.4012
223550	0.4013
223600	0.401875
223650	0.402389
223700	0.402399
223750	0.402522
223800	0.402916
223850	0.40255
223900	0.403572
223950	0.402793
224000	0.403156
224050	0.403195
224100	0.40406
224150	0.404005
224200	0.404526
224250	0.404226
224300	0.40415
224350	0.404781
224400	0.404394
224450	0.404983
224500	0.40464
224550	0.405678
224600	0.405518
224650	0.406737
224700	0.405735
224750	0.405801
224800	0.407007
224850	0.405913
224900	0.40667
224950	0.406201
225000	0.407301
225050	0.40713
225100	0.407819
225150	0.407297
225200	0.407941
225250	0.407553
225300	0.407592
225350	0.408232
225400	0.407713
225450	0.408915
