50	2.7209e-06
150	2.2356e-06
250	2.2236e-06
350	3.4115e-06
450	1.2591e-06
550	1.401e-06
650	5.1757e-06
750	1.8047e-06
850	1.9443e-06
950	2.0754e-06
1000	2.47305e-06
1050	2.7843e-06
1100	2.8039e-06
1150	2.8836e-06
1200	9.8508e-06
1250	3.0572e-06
1300	3.1278e-06
1350	3.2954e-06
1400	3.2942e-06
1450	3.4029e-06
1500	3.62349e-06
1550	3.998e-06
1600	4.0775e-06
1650	4.1347e-06
1700	4.1852e-06
1750	4.3014e-06
1800	4.333e-06
1850	4.4564e-06
1900	4.4896e-06
1950	4.5812e-06
2000	4.77362e-06
2050	5.118e-06
2100	5.2306e-06
2150	5.2761e-06
2200	5.3478e-06
2250	5.4454e-06
2300	5.4961e-06
2350	5.5883e-06
2400	2.93677e-05
2450	6.3568e-06
2500	5.8572e-06
2550	6.1915e-06
2600	6.3067e-06
2650	6.3537e-06
2700	6.5829e-06
2750	6.5947e-06
2800	6.621e-06
2850	6.6871e-06
2900	7.4296e-06
2950	6.9351e-06
3000	7.02899e-06
3050	7.3659e-06
3100	7.4878e-06
3150	7.5288e-06
3200	7.6963e-06
3250	7.7801e-06
3300	7.7868e-06
3350	8.4949e-06
3400	7.9163e-06
3450	7.9788e-06
3500	8.15411e-06
3550	8.5262e-06
3600	8.6175e-06
3650	8.6755e-06
3700	8.8352e-06
3750	8.9068e-06
3800	9.6309e-06
3850	8.9351e-06
3900	9.0505e-06
3950	9.1582e-06
4000	9.3413e-06
4050	9.6528e-06
4100	9.7999e-06
4150	9.7967e-06
4200	9.9431e-06
4250	1.0036e-05
4300	1.01182e-05
4350	1.01492e-05
4400	1.02024e-05
4450	1.02968e-05
4500	1.04735e-05
4550	1.08039e-05
4600	1.0928e-05
4650	1.09823e-05
4700	5.91755e-05
4750	1.24704e-05
4800	1.21185e-05
4850	1.1424e-05
4900	1.14482e-05
4950	1.15624e-05
5000	1.18812e-05
5050	1.20332e-05
5100	1.21606e-05
5150	1.22178e-05
5200	1.30061e-05
5250	1.24747e-05
5300	1.26041e-05
5350	1.25784e-05
5400	1.26181e-05
5450	1.27219e-05
5500	1.29104e-05
5550	1.35539e-05
5600	1.34082e-05
5650	1.42087e-05
5700	1.4185e-05
5750	1.37686e-05
5800	1.38053e-05
5850	1.38294e-05
5900	1.38127e-05
5950	1.39272e-05
6000	1.42061e-05
6050	1.49062e-05
6100	1.66923e-05
6150	1.4627e-05
6200	1.46787e-05
6250	1.48701e-05
6300	1.49646e-05
6350	1.49868e-05
6400	1.49617e-05
6450	1.51546e-05
6500	1.53276e-05
6550	1.55666e-05
6600	1.63798e-05
6650	1.64397e-05
6700	1.5819e-05
6750	1.59823e-05
6800	1.61026e-05
6850	1.61619e-05
6900	1.66934e-05
6950	1.62063e-05
7000	1.64301e-05
7050	1.74915e-05
7100	1.68892e-05
7150	1.76492e-05
7200	1.8861e-05
7250	1.84474e-05
7300	1.73131e-05
7350	1.78189e-05
7400	1.7362e-05
7450	1.73991e-05
7500	1.77077e-05
7550	1.88567e-05
7600	1.80752e-05
7650	1.82795e-05
7700	1.83654e-05
7750	1.85614e-05
7800	1.86073e-05
7850	1.86634e-05
7900	1.84994e-05
7950	1.85837e-05
8000	1.89233e-05
8050	1.92108e-05
8100	1.93567e-05
8150	2.17052e-05
8200	2.07747e-05
8250	2.23181e-05
8300	1.98972e-05
8350	1.9802e-05
8400	1.98518e-05
8450	1.98339e-05
8500	2.04824e-05
8550	2.03473e-05
8600	2.04495e-05
8650	2.05162e-05
8700	2.05887e-05
8750	2.07343e-05
8800	2.08637e-05
8850	2.08929e-05
8900	2.09828e-05
8950	2.09824e-05
9000	2.12345e-05
9050	2.23652e-05
9100	2.23183e-05
9150	2.24692e-05
9200	2.25704e-05
9250	2.27012e-05
9300	2.28178e-05
9350	0.000113607
9400	2.36587e-05
9450	2.3609e-05
9500	2.31793e-05
9550	2.34894e-05
9600	2.35482e-05
9650	2.35849e-05
9700	2.37309e-05
9750	2.38758e-05
9800	2.3956e-05
9850	2.4808e-05
9900	2.41609e-05
9950	2.41121e-05
10000	2.44123e-05
10050	2.49229e-05
10100	2.48537e-05
10150	2.4939e-05
10200	2.4947e-05
10250	2.51395e-05
10300	2.59431e-05
10350	2.61352e-05
10400	2.54159e-05
10450	2.5403e-05
10500	2.58868e-05
10550	2.58956e-05
10600	2.59888e-05
10650	2.60194e-05
10700	2.61247e-05
10750	2.62976e-05
10800	2.71356e-05
10850	2.65217e-05
10900	2.68267e-05
10950	2.66625e-05
11000	2.73938e-05
11050	2.7154e-05
11100	2.71946e-05
11150	2.72489e-05
11200	2.73121e-05
11250	2.82396e-05
11300	2.82893e-05
11350	2.77187e-05
11400	2.78183e-05
11450	2.79114e-05
11500	2.8034e-05
11550	2.84653e-05
11600	2.84766e-05
11650	2.8462e-05
11700	2.92668e-05
11750	2.87492e-05
11800	2.88901e-05
11850	2.89388e-05
11900	2.90465e-05
11950	2.90885e-05
12000	2.95055e-05
12050	2.95374e-05
12100	2.98209e-05
12150	3.05036e-05
12200	3.05148e-05
12250	2.99792e-05
12300	3.01074e-05
12350	3.01924e-05
12400	3.02756e-05
12450	3.03821e-05
12500	3.05006e-05
12550	3.07574e-05
12600	3.08612e-05
12650	3.16413e-05
12700	3.10306e-05
12750	3.11757e-05
12800	3.13383e-05
12850	3.14078e-05
12900	3.29356e-05
12950	3.17835e-05
13000	3.18451e-05
13050	3.19711e-05
13100	3.28412e-05
13150	3.62854e-05
13200	3.22738e-05
13250	3.2441e-05
13300	3.25885e-05
13350	3.25983e-05
13400	3.27343e-05
13450	3.28359e-05
13500	3.29265e-05
13550	3.39301e-05
13600	3.33244e-05
13650	3.33479e-05
13700	3.36993e-05
13750	3.69806e-05
13800	3.51087e-05
13850	3.38352e-05
13900	3.40917e-05
13950	3.40837e-05
14000	3.46097e-05
14050	3.52703e-05
14100	3.60966e-05
14150	3.4785e-05
14200	3.50152e-05
14250	3.74041e-05
14300	3.49508e-05
14350	3.51169e-05
14400	3.51432e-05
14450	3.52157e-05
14500	3.54735e-05
14550	3.58587e-05
14600	3.58109e-05
14650	3.58586e-05
14700	3.59504e-05
14750	3.60716e-05
14800	3.62708e-05
14850	3.6302e-05
14900	3.63946e-05
14950	3.65042e-05
15000	3.7097e-05
15050	3.70254e-05
15100	3.70458e-05
15150	3.71284e-05
15200	3.72108e-05
15250	3.73431e-05
15300	3.76151e-05
15350	3.75987e-05
15400	3.76479e-05
15450	3.85992e-05
15500	3.81436e-05
15550	3.82421e-05
15600	3.82684e-05
15650	3.82812e-05
15700	3.99665e-05
15750	3.85695e-05
15800	3.9979e-05
15850	3.8754e-05
15900	3.97159e-05
15950	3.98319e-05
16000	3.93851e-05
16050	4.10425e-05
16100	3.95889e-05
16150	3.95848e-05
16200	4.08721e-05
16250	3.977e-05
16300	3.98418e-05
16350	3.99321e-05
16400	4.0772e-05
16450	4.00952e-05
16500	4.05866e-05
16550	4.06209e-05
16600	4.06789e-05
16650	4.0821e-05
16700	4.08335e-05
16750	4.10801e-05
16800	4.09944e-05
16850	4.18842e-05
16900	4.19689e-05
16950	4.13013e-05
17000	4.15533e-05
17050	4.19084e-05
17100	4.19619e-05
17150	4.19269e-05
17200	4.20329e-05
17250	4.21991e-05
17300	4.30002e-05
17350	4.2467e-05
17400	4.2515e-05
17450	4.26201e-05
17500	4.30232e-05
17550	4.3211e-05
17600	4.32015e-05
17650	4.31407e-05
17700	4.33076e-05
17750	4.46123e-05
17800	4.35335e-05
17850	4.36081e-05
17900	4.40269e-05
17950	4.3806e-05
18000	4.45129e-05
18050	4.43234e-05
18100	4.44754e-05
18150	4.43985e-05
18200	4.44656e-05
18250	4.46306e-05
18300	4.47583e-05
18350	4.48335e-05
18400	4.50746e-05
18450	4.50197e-05
18500	4.52218e-05
18550	4.55291e-05
18600	4.56837e-05
18650	0.000228772
18700	4.86303e-05
18750	4.62186e-05
18800	4.75232e-05
18850	4.6283e-05
18900	4.64886e-05
18950	4.64774e-05
19000	4.66727e-05
19050	5.04004e-05
19100	4.86437e-05
19150	4.90052e-05
19200	4.71593e-05
19250	4.73185e-05
19300	4.74618e-05
19350	4.7508e-05
19400	4.7624e-05
19450	4.7688e-05
19500	4.79106e-05
19550	4.8243e-05
19600	4.91392e-05
19650	4.91204e-05
19700	4.86177e-05
19750	5.04381e-05
19800	4.9921e-05
19850	4.8722e-05
19900	4.88084e-05
19950	4.89015e-05
20000	4.91343e-05
20050	5.02555e-05
20100	4.95522e-05
20150	4.9606e-05
20200	4.97538e-05
20250	4.97231e-05
20300	4.98398e-05
20350	4.98512e-05
20400	5.00037e-05
20450	5.00589e-05
20500	5.02795e-05
20550	5.19312e-05
20600	5.07582e-05
20650	5.07944e-05
20700	5.09785e-05
20750	5.10229e-05
20800	5.12288e-05
20850	5.27011e-05
20900	5.25798e-05
20950	5.13788e-05
21000	5.17843e-05
21050	5.21035e-05
21100	5.20011e-05
21150	5.20431e-05
21200	5.21474e-05
21250	5.21705e-05
21300	5.22938e-05
21350	5.23654e-05
21400	5.24204e-05
21450	5.27528e-05
21500	5.3186e-05
21550	5.30796e-05
21600	5.32218e-05
21650	5.32776e-05
21700	5.33337e-05
21750	5.33958e-05
21800	5.50047e-05
21850	5.38791e-05
21900	5.49339e-05
21950	5.51025e-05
22000	5.40417e-05
22050	5.44399e-05
22100	5.60694e-05
22150	5.58315e-05
22200	5.4624e-05
22250	5.47311e-05
22300	5.49505e-05
22350	5.48827e-05
22400	5.51312e-05
22450	5.80642e-05
22500	5.56014e-05
22550	5.57319e-05
22600	5.6121e-05
22650	5.59263e-05
22700	5.60185e-05
22750	5.61594e-05
22800	5.61687e-05
22850	5.63323e-05
22900	5.71571e-05
22950	5.65861e-05
23000	5.73604e-05
23050	5.70995e-05
23100	5.71675e-05
23150	5.72009e-05
23200	5.73057e-05
23250	5.74183e-05
23300	5.78101e-05
23350	5.83233e-05
23400	5.83824e-05
23450	5.76735e-05
23500	5.79493e-05
23550	5.83207e-05
23600	5.83644e-05
23650	5.8462e-05
23700	5.87146e-05
23750	5.86768e-05
23800	6.00126e-05
23850	6.16709e-05
23900	5.89139e-05
23950	5.89549e-05
24000	5.9459e-05
24050	5.95167e-05
24100	5.96831e-05
24150	5.97146e-05
24200	5.98024e-05
24250	6.01634e-05
24300	6.13204e-05
24350	6.50889e-05
24400	6.02204e-05
24450	6.13394e-05
24500	6.0701e-05
24550	6.0657e-05
24600	6.06319e-05
24650	6.06552e-05
24700	6.09097e-05
24750	6.17697e-05
24800	6.0925e-05
24850	6.11116e-05
24900	6.1128e-05
24950	6.11695e-05
25000	6.14571e-05
25050	6.19582e-05
25100	6.18956e-05
25150	6.20408e-05
25200	6.28336e-05
25250	6.28872e-05
25300	6.22131e-05
25350	6.22229e-05
25400	6.23678e-05
25450	6.23712e-05
25500	6.2812e-05
25550	6.42226e-05
25600	6.31159e-05
25650	6.38868e-05
25700	6.32318e-05
25750	6.33685e-05
25800	6.35967e-05
25850	6.35018e-05
25900	6.35706e-05
25950	6.36431e-05
26000	6.39429e-05
26050	6.42297e-05
26100	6.6087e-05
26150	6.74532e-05
26200	6.45587e-05
26250	6.46656e-05
26300	6.47067e-05
26350	6.47405e-05
26400	6.4839e-05
26450	6.48744e-05
26500	6.53848e-05
26550	6.54293e-05
26600	6.62557e-05
26650	6.559e-05
26700	6.60021e-05
26750	6.58603e-05
26800	6.59236e-05
26850	6.5959e-05
26900	6.61106e-05
26950	6.61783e-05
27000	6.66998e-05
27050	6.73381e-05
27100	6.75901e-05
27150	6.70247e-05
27200	6.70529e-05
27250	6.71486e-05
27300	6.71804e-05
27350	6.71879e-05
27400	6.72365e-05
27450	6.80103e-05
27500	6.76511e-05
27550	6.78507e-05
27600	6.82795e-05
27650	6.81193e-05
27700	6.81343e-05
27750	6.82918e-05
27800	6.83478e-05
27850	6.83709e-05
27900	6.85862e-05
27950	6.86731e-05
28000	6.92259e-05
28050	7.20972e-05
28100	6.9219e-05
28150	6.92711e-05
28200	6.9522e-05
28250	6.94997e-05
28300	6.95593e-05
28350	6.96788e-05
28400	6.96475e-05
28450	6.97967e-05
28500	7.02799e-05
28550	7.02324e-05
28600	7.03986e-05
28650	7.19363e-05
28700	7.19798e-05
28750	7.06556e-05
28800	7.07649e-05
28850	7.09458e-05
28900	7.10668e-05
28950	7.15965e-05
29000	7.14194e-05
29050	7.17983e-05
29100	7.2942e-05
29150	7.16841e-05
29200	7.19604e-05
29250	7.19407e-05
29300	7.20945e-05
29350	7.21326e-05
29400	7.61269e-05
29450	7.22776e-05
29500	7.27043e-05
29550	7.27154e-05
29600	7.30324e-05
29650	7.29437e-05
29700	7.30663e-05
29750	7.31776e-05
29800	7.3222e-05
29850	7.42196e-05
29900	7.4091e-05
29950	7.34016e-05
30000	7.42465e-05
30050	7.39528e-05
30100	7.41029e-05
30150	7.4228e-05
30200	7.43351e-05
30250	7.45827e-05
30300	7.4736e-05
30350	7.52737e-05
30400	7.4724e-05
30450	7.48081e-05
30500	7.60777e-05
30550	7.52777e-05
30600	7.52738e-05
30650	7.53903e-05
30700	7.55717e-05
30750	7.60116e-05
30800	7.70192e-05
30850	7.65717e-05
30900	7.59247e-05
30950	7.59719e-05
31000	7.61721e-05
31050	7.64198e-05
31100	7.65649e-05
31150	7.66099e-05
31200	7.67684e-05
31250	7.76985e-05
31300	7.69787e-05
31350	7.70359e-05
31400	7.71444e-05
31450	7.74016e-05
31500	7.73598e-05
31550	7.76385e-05
31600	7.7744e-05
31650	7.79233e-05
31700	7.88677e-05
31750	7.88282e-05
31800	7.8108e-05
31850	7.82573e-05
31900	7.83856e-05
31950	7.85198e-05
32000	7.93844e-05
32050	7.9117e-05
32100	7.89654e-05
32150	7.91537e-05
32200	7.98472e-05
32250	7.93076e-05
32300	7.93662e-05
32350	7.94484e-05
32400	7.95915e-05
32450	7.95961e-05
32500	8.00472e-05
32550	7.99955e-05
32600	8.02956e-05
32650	8.09043e-05
32700	8.10314e-05
32750	8.06233e-05
32800	8.06354e-05
32850	8.06536e-05
32900	8.07507e-05
32950	8.07935e-05
33000	8.10208e-05
33050	8.12829e-05
33100	8.23294e-05
33150	8.15899e-05
33200	8.15557e-05
33250	8.18572e-05
33300	8.19187e-05
33350	8.34005e-05
33400	8.34647e-05
33450	8.21092e-05
33500	8.23576e-05
33550	8.39978e-05
33600	8.34434e-05
33650	8.2746e-05
33700	8.29148e-05
33750	8.31925e-05
33800	8.31067e-05
33850	8.46413e-05
33900	8.35104e-05
33950	8.4603e-05
34000	8.37842e-05
34050	8.44529e-05
34100	8.40101e-05
34150	8.50306e-05
34200	8.40659e-05
34250	8.41889e-05
34300	8.44015e-05
34350	8.43976e-05
34400	8.45675e-05
34450	8.45865e-05
34500	8.48901e-05
34550	8.73128e-05
34600	8.64935e-05
34650	8.52301e-05
34700	8.55149e-05
34750	8.54438e-05
34800	8.56065e-05
34850	8.56702e-05
34900	8.58619e-05
34950	8.59678e-05
35000	8.63652e-05
35050	8.65382e-05
35100	8.78673e-05
35150	8.94693e-05
35200	8.78729e-05
35250	8.66703e-05
35300	8.68723e-05
35350	8.68838e-05
35400	8.69417e-05
35450	8.80066e-05
35500	8.78485e-05
35550	8.76265e-05
35600	8.75645e-05
35650	8.76555e-05
35700	8.77833e-05
35750	8.79164e-05
35800	8.8173e-05
35850	8.81884e-05
35900	8.82102e-05
35950	8.90359e-05
36000	8.85013e-05
36050	8.87972e-05
36100	8.89098e-05
36150	8.89063e-05
36200	8.90506e-05
36250	8.91329e-05
36300	8.9244e-05
36350	8.97368e-05
36400	9.00932e-05
36450	8.95317e-05
36500	8.97436e-05
36550	9.00039e-05
36600	9.00406e-05
36650	9.01765e-05
36700	9.02231e-05
36750	9.02505e-05
36800	9.04963e-05
36850	9.04975e-05
36900	9.2184e-05
36950	9.19104e-05
37000	9.11201e-05
37050	9.11647e-05
37100	9.12839e-05
37150	9.13763e-05
37200	9.1573e-05
37250	9.15596e-05
37300	0.000455899
37350	9.14277e-05
37400	9.09096e-05
37450	9.08461e-05
37500	9.10406e-05
37550	9.13629e-05
37600	9.14909e-05
37650	9.1468e-05
37700	9.15648e-05
37750	9.24917e-05
37800	9.19055e-05
37850	9.20031e-05
37900	9.21607e-05
37950	9.19528e-05
38000	9.24427e-05
38050	9.24989e-05
38100	9.27682e-05
38150	9.25379e-05
38200	9.2996e-05
38250	9.42268e-05
38300	9.29873e-05
38350	9.32583e-05
38400	9.32556e-05
38450	9.32753e-05
38500	9.37478e-05
38550	9.39301e-05
38600	9.38628e-05
38650	9.4019e-05
38700	9.48501e-05
38750	9.40733e-05
38800	9.41967e-05
38850	9.42756e-05
38900	9.43774e-05
38950	9.43528e-05
39000	9.4718e-05
39050	9.6218e-05
39100	9.5046e-05
39150	9.58064e-05
39200	9.62554e-05
39250	9.51634e-05
39300	9.54377e-05
39350	9.53391e-05
39400	9.55587e-05
39450	9.55952e-05
39500	9.66587e-05
39550	9.75098e-05
39600	9.72602e-05
39650	9.62757e-05
39700	9.65651e-05
39750	9.68759e-05
39800	9.6725e-05
39850	9.676e-05
39900	9.70414e-05
39950	9.69186e-05
40000	9.76604e-05
40050	9.76143e-05
40100	9.88736e-05
40150	9.75597e-05
40200	9.76757e-05
40250	9.78286e-05
40300	9.79255e-05
40350	9.79455e-05
40400	9.80997e-05
40450	9.81687e-05
40500	9.87125e-05
40550	9.95865e-05
40600	9.88355e-05
40650	9.87898e-05
40700	9.88961e-05
40750	9.90736e-05
40800	9.92706e-05
40850	9.91614e-05
40900	9.95176e-05
40950	9.94735e-05
41000	0.000100237
41050	0.000100653
41100	0.000100087
41150	0.000101836
41200	0.000101368
41250	0.000100573
41300	0.000100402
41350	0.000100428
41400	0.000100605
41450	0.000100635
41500	0.000100975
41550	0.000101262
41600	0.000101321
41650	0.000101438
41700	0.000101394
41750	0.000101506
41800	0.00010157
41850	0.000101751
41900	0.000101814
41950	0.000102002
42000	0.000102173
42050	0.000105253
42100	0.000102465
42150	0.000102495
42200	0.000104319
42250	0.00010387
42300	0.000102859
42350	0.000103001
42400	0.000103119
42450	0.000103899
42500	0.000103598
42550	0.000103623
42600	0.000103757
42650	0.000103758
42700	0.000105423
42750	0.000105196
42800	0.000104015
42850	0.000104065
42900	0.000105796
42950	0.000104983
43000	0.000104517
43050	0.000104775
43100	0.000104881
43150	0.000105034
43200	0.000104963
43250	0.000108166
43300	0.000105203
43350	0.000106062
43400	0.000105531
43450	0.000105427
43500	0.000105696
43550	0.000106048
43600	0.000106334
43650	0.000109139
43700	0.000108866
43750	0.000106261
43800	0.000106471
43850	0.000108445
43900	0.000106573
43950	0.000106612
44000	0.000107534
44050	0.000107238
44100	0.000107226
44150	0.000107308
44200	0.000107451
44250	0.000107617
44300	0.000108323
44350	0.00010766
44400	0.000107703
44450	0.000107771
44500	0.000108117
44550	0.000108306
44600	0.000108535
44650	0.000108508
44700	0.000108719
44750	0.000109708
44800	0.000109473
44850	0.000108946
44900	0.000108952
44950	0.000109165
45000	0.000109611
45050	0.000111073
45100	0.000109848
45150	0.000109811
45200	0.000110733
45250	0.000109909
45300	0.00010993
45350	0.000110178
45400	0.000110279
45450	0.000110157
45500	0.000110707
45550	0.000110698
45600	0.000111063
45650	0.000111737
45700	0.000111776
45750	0.000111149
45800	0.000111243
45850	0.000111297
45900	0.000111433
45950	0.000111382
46000	0.000111719
46050	0.00011155
46100	0.000111911
46150	0.000112492
46200	0.000111986
46250	0.000111989
46300	0.000111992
46350	0.000112265
46400	0.000112277
46450	0.000112815
46500	0.000113084
46550	0.000113442
46600	0.000114069
46650	0.000114264
46700	0.000113464
46750	0.000113748
46800	0.000113659
46850	0.000113951
46900	0.000113858
46950	0.000113982
47000	0.000114415
47050	0.000115251
47100	0.000114523
47150	0.000114599
47200	0.000114656
47250	0.000114846
47300	0.000114961
47350	0.000114946
47400	0.00011506
47450	0.000115279
47500	0.000115997
47550	0.000117936
47600	0.000117224
47650	0.000115891
47700	0.00011605
47750	0.000118987
47800	0.000116198
47850	0.000116181
47900	0.000116352
47950	0.000116518
48000	0.000116623
48050	0.000116911
48100	0.000117034
48150	0.00011709
48200	0.000117397
48250	0.000117286
48300	0.000117543
48350	0.000117351
48400	0.000117504
48450	0.000117662
48500	0.000118506
48550	0.000118086
48600	0.000118317
48650	0.000118287
48700	0.000118364
48750	0.000120025
48800	0.00012021
48850	0.000118758
48900	0.000118884
48950	0.000119664
49000	0.00011903
49050	0.000119392
49100	0.000119494
49150	0.000119662
49200	0.000119577
49250	0.000119883
49300	0.000119831
49350	0.000119866
49400	0.000120854
49450	0.000120851
49500	0.00012053
49550	0.000120459
49600	0.000120837
49650	0.00012058
49700	0.000120819
49750	0.000120912
49800	0.000121042
49850	0.000121226
49900	0.000121925
49950	0.000121273
50000	0.000121944
50050	0.000121787
50100	0.000122083
50150	0.000121983
50200	0.000122075
50250	0.000122136
50300	0.000122504
50350	0.000123724
50400	0.000122346
50450	0.000122532
50500	0.000122958
50550	0.00012289
50600	0.000123142
50650	0.000123145
50700	0.000124839
50750	0.00012384
50800	0.00012484
50850	0.00012396
50900	0.000126723
50950	0.000125659
51000	0.000125189
51050	0.000124627
51100	0.000126246
51150	0.000126276
51200	0.000124851
51250	0.000126227
51300	0.000126133
51350	0.000125217
51400	0.000125384
51450	0.000125171
51500	0.000125609
51550	0.000128001
51600	0.000127414
51650	0.000125906
51700	0.0001271
51750	0.00012665
51800	0.000125932
51850	0.000126018
51900	0.000126118
51950	0.000126019
52000	0.000126748
52050	0.000129589
52100	0.000126767
52150	0.000126976
52200	0.000129512
52250	0.000127157
52300	0.00012721
52350	0.000127109
52400	0.000127437
52450	0.000127233
52500	0.000127548
52550	0.000127828
52600	0.000127913
52650	0.000128703
52700	0.000128039
52750	0.00013133
52800	0.00012836
52850	0.000128534
52900	0.000128537
52950	0.000130026
53000	0.000128999
53050	0.000131696
53100	0.000131854
53150	0.00012998
53200	0.000129372
53250	0.000129443
53300	0.000129442
53350	0.000129564
53400	0.000131314
53450	0.000130923
53500	0.000130457
53550	0.000130205
53600	0.000132726
53650	0.000131916
53700	0.000130494
53750	0.000130729
53800	0.000130771
53850	0.000130907
53900	0.00013059
53950	0.000130624
54000	0.000131272
54050	0.000134407
54100	0.000135953
54150	0.000131522
54200	0.000131685
54250	0.000131987
54300	0.000131953
54350	0.00013197
54400	0.000132149
54450	0.000134984
54500	0.000133004
54550	0.000132683
54600	0.000132782
54650	0.000132936
54700	0.000133519
54750	0.000133093
54800	0.000133386
54850	0.00013337
54900	0.000133475
54950	0.000133464
55000	0.0001343
55050	0.000133826
55100	0.000134017
55150	0.000133985
55200	0.000134067
55250	0.000137073
55300	0.000134401
55350	0.000134397
55400	0.000137565
55450	0.000134828
55500	0.000134856
55550	0.000135056
55600	0.000135438
55650	0.00013533
55700	0.000135559
55750	0.000135448
55800	0.000135634
55850	0.000135551
55900	0.000135958
55950	0.000137449
56000	0.000136097
56050	0.000135817
56100	0.000136447
56150	0.000136485
56200	0.000136718
56250	0.000136688
56300	0.000138557
56350	0.000138078
56400	0.000138103
56450	0.000137065
56500	0.000137553
56550	0.000137405
56600	0.000140537
56650	0.000137681
56700	0.000139216
56750	0.000139365
56800	0.000138072
56850	0.000139459
56900	0.000139141
56950	0.000138269
57000	0.000138516
57050	0.000138745
57100	0.000139119
57150	0.000138733
57200	0.000142429
57250	0.000141566
57300	0.000140173
57350	0.00013927
57400	0.000139461
57450	0.000139431
57500	0.00014019
57550	0.000140018
57600	0.00014005
57650	0.000140016
57700	0.000140311
57750	0.000140497
57800	0.000141858
57850	0.000140526
57900	0.000140816
57950	0.00014064
58000	0.000141412
58050	0.000141199
58100	0.0001413
58150	0.00014132
58200	0.000141681
58250	0.000142242
58300	0.000141654
58350	0.000141702
58400	0.000143713
58450	0.000143219
58500	0.000142011
58550	0.000142421
58600	0.000142378
58650	0.000142688
58700	0.000143387
58750	0.00014327
58800	0.000142789
58850	0.000142904
58900	0.000143219
58950	0.000143009
59000	0.000143586
59050	0.000143515
59100	0.000143646
59150	0.000144728
59200	0.000146688
59250	0.000144009
59300	0.000144237
59350	0.000144059
59400	0.000144222
59450	0.000147003
59500	0.000144694
59550	0.000146313
59600	0.000146464
59650	0.000146173
59700	0.00014508
59750	0.000145168
59800	0.000145376
59850	0.000145304
59900	0.000145652
59950	0.000145733
60000	0.000145623
60050	0.000149919
60100	0.000146541
60150	0.000145514
60200	0.000145751
60250	0.000145855
60300	0.0001476
60350	0.000149275
60400	0.000148251
60450	0.000146665
60500	0.000146891
60550	0.000148124
60600	0.000148114
60650	0.000147421
60700	0.000148533
60750	0.000147612
60800	0.000147647
60850	0.000147604
60900	0.000147884
60950	0.000147908
61000	0.000148529
61050	0.000148392
61100	0.000150497
61150	0.000149825
61200	0.000148558
61250	0.000148889
61300	0.000148855
61350	0.00014854
61400	0.000148473
61450	0.000148556
61500	0.000149694
61550	0.000149579
61600	0.000149794
61650	0.00014962
61700	0.00015011
61750	0.000150091
61800	0.000151605
61850	0.000151507
61900	0.000150265
61950	0.00015041
62000	0.0001511
62050	0.000152217
62100	0.000151096
62150	0.00015098
62200	0.00015095
62250	0.000151128
62300	0.000151725
62350	0.000151297
62400	0.000151444
62450	0.000152501
62500	0.000151833
62550	0.000152154
62600	0.000152175
62650	0.000152102
62700	0.000151864
62750	0.000151792
62800	0.000151927
62850	0.000151846
62900	0.000153422
62950	0.000152198
63000	0.000153844
63050	0.000153285
63100	0.00015298
63150	0.000152919
63200	0.000152849
63250	0.000152999
63300	0.000153676
63350	0.000153931
63400	0.000155168
63450	0.000154181
63500	0.000154147
63550	0.000158977
63600	0.000156069
63650	0.000154609
63700	0.00015494
63750	0.00015481
63800	0.000154985
63850	0.000155603
63900	0.000155278
63950	0.000155148
64000	0.00015564
64050	0.000155633
64100	0.000155962
64150	0.000155848
64200	0.000157439
64250	0.000157548
64300	0.000157228
64350	0.000156903
64400	0.000156336
64450	0.000156445
64500	0.00015685
64550	0.0001568
64600	0.000157056
64650	0.000158057
64700	0.000157968
64750	0.000157629
64800	0.000156835
64850	0.000156909
64900	0.000159811
64950	0.000157322
65000	0.000157954
65050	0.000159332
65100	0.000158317
65150	0.00015821
65200	0.000158617
65250	0.000160112
65300	0.000158615
65350	0.000158679
65400	0.000161507
65450	0.000158672
65500	0.00015929
65550	0.000159251
65600	0.000160981
65650	0.000162242
65700	0.000161699
65750	0.000159643
65800	0.0001597
65850	0.000159788
65900	0.000159541
65950	0.00015929
66000	0.000160063
66050	0.000160396
66100	0.000160551
66150	0.000161471
66200	0.000161527
66250	0.000162272
66300	0.000162503
66350	0.000161128
66400	0.000161258
66450	0.000161279
66500	0.000161752
66550	0.000161706
66600	0.000162756
66650	0.000161874
66700	0.000161928
66750	0.000161508
66800	0.000161703
66850	0.000161558
66900	0.000161881
66950	0.000163334
67000	0.000162912
67050	0.000163053
67100	0.000164446
67150	0.000163091
67200	0.000163293
67250	0.000163349
67300	0.000163316
67350	0.000166423
67400	0.000163652
67450	0.000163692
67500	0.000163765
67550	0.000164783
67600	0.000164307
67650	0.000167013
67700	0.000164385
67750	0.000164556
67800	0.000164577
67850	0.000164656
67900	0.000164799
67950	0.000165003
68000	0.000165407
68050	0.000167501
68100	0.000164409
68150	0.00016436
68200	0.000166126
68250	0.000168518
68300	0.000167115
68350	0.000165404
68400	0.000165404
68450	0.000165724
68500	0.000165966
68550	0.000166674
68600	0.000166728
68650	0.000166671
68700	0.000166788
68750	0.000166998
68800	0.000169952
68850	0.000167157
68900	0.000167251
68950	0.000168367
69000	0.000167831
69050	0.000167785
69100	0.000167959
69150	0.000167928
69200	0.000168077
69250	0.000168187
69300	0.000168368
69350	0.000168335
69400	0.000168568
69450	0.000168758
69500	0.000168718
69550	0.000168858
69600	0.00016916
69650	0.000169115
69700	0.000169201
69750	0.000169249
69800	0.000170934
69850	0.000170931
69900	0.000171025
69950	0.000170288
70000	0.000169839
70050	0.000170119
70100	0.000172007
70150	0.00017156
70200	0.000170528
70250	0.000170641
70300	0.000170831
70350	0.000171558
70400	0.000171114
70450	0.000170936
70500	0.000171454
70550	0.000171334
70600	0.000173086
70650	0.000174479
70700	0.000172898
70750	0.000171839
70800	0.000174926
70850	0.00017358
70900	0.000173136
70950	0.000176543
71000	0.000173127
71050	0.000173531
71100	0.000174999
71150	0.000174858
71200	0.000173888
71250	0.000173867
71300	0.000174776
71350	0.000174367
71400	0.000173821
71450	0.000173802
71500	0.000174903
71550	0.000173087
71600	0.000173485
71650	0.000173387
71700	0.000174415
71750	0.000179375
71800	0.000175186
71850	0.000174321
71900	0.000174566
71950	0.000174533
72000	0.000175172
72050	0.000175027
72100	0.000176782
72150	0.00017667
72200	0.000178943
72250	0.000180481
72300	0.00017651
72350	0.000176441
72400	0.000175347
72450	0.000175826
72500	0.000176544
72550	0.000176266
72600	0.000176609
72650	0.000181379
72700	0.000177337
72750	0.000176694
72800	0.000176852
72850	0.000176975
72900	0.000177079
72950	0.000176963
73000	0.000178073
73050	0.000180294
73100	0.000177953
73150	0.000178392
73200	0.00017782
73250	0.000177893
73300	0.000177652
73350	0.000178203
73400	0.000177604
73450	0.000177517
73500	0.000178479
73550	0.000178352
73600	0.000179018
73650	0.000177485
73700	0.000177822
73750	0.000177957
73800	0.000178866
73850	0.000179315
73900	0.000179418
73950	0.000180938
74000	0.000180812
74050	0.000180031
74100	0.000180202
74150	0.000180159
74200	0.000180262
74250	0.000180506
74300	0.000180502
74350	0.000181857
74400	0.00018216
74450	0.000180687
74500	0.000252726
74550	0.000183231
74600	0.000182739
74650	0.000182779
74700	0.000182783
74750	0.000182801
74800	0.00018583
74850	0.000183042
74900	0.000183117
74950	0.000182953
75000	0.000183972
75050	0.000186408
75100	0.000183903
75150	0.000183752
75200	0.000185535
75250	0.000187603
75300	0.000183315
75350	0.000183455
75400	0.000184013
75450	0.000184775
75500	0.000184951
75550	0.000184865
75600	0.000186542
75650	0.000186385
75700	0.000185159
75750	0.000185211
75800	0.000185646
75850	0.000185541
75900	0.000185649
75950	0.000186483
76000	0.000185126
76050	0.000185146
76100	0.00018542
76150	0.000185389
76200	0.00018618
76250	0.000185832
76300	0.000185757
76350	0.000185926
76400	0.00018698
76450	0.000186803
76500	0.000186922
76550	0.000188804
76600	0.000188939
76650	0.000187449
76700	0.000187584
76750	0.000190464
76800	0.000187996
76850	0.000189303
76900	0.000188103
76950	0.000187999
77000	0.000188455
77050	0.00018838
77100	0.000188633
77150	0.000188468
77200	0.000189107
77250	0.000188946
77300	0.000189157
77350	0.000190455
77400	0.000192059
77450	0.000189372
77500	0.000190455
77550	0.00018965
77600	0.000190189
77650	0.000189803
77700	0.000190157
77750	0.000190004
77800	0.000191106
77850	0.000190437
77900	0.000190263
77950	0.00019307
78000	0.000191109
78050	0.000190816
78100	0.000190962
78150	0.000192344
78200	0.000192809
78250	0.000192261
78300	0.000192792
78350	0.000191547
78400	0.00019166
78450	0.00019153
78500	0.000192003
78550	0.000193428
78600	0.000192391
78650	0.000192319
78700	0.000193413
78750	0.000192467
78800	0.000192767
78850	0.000192645
78900	0.000194449
78950	0.000194382
79000	0.000193383
79050	0.000193154
79100	0.000196403
79150	0.000193495
79200	0.000195078
79250	0.000193884
79300	0.000193918
79350	0.000194314
79400	0.000194041
79450	0.000194041
79500	0.000195349
79550	0.000194409
79600	0.000194779
79650	0.000195516
79700	0.000195178
79750	0.000194829
79800	0.000195037
79850	0.000195269
79900	0.000196264
79950	0.000195264
80000	0.000195741
80050	0.00019581
80100	0.000196788
80150	0.000196435
80200	0.000196239
80250	0.000196344
80300	0.0001963
80350	0.000196427
80400	0.000196515
80450	0.000199392
80500	0.000196942
80550	0.000198633
80600	0.000196564
80650	0.000196328
80700	0.000196889
80750	0.000198874
80800	0.000198772
80850	0.000197631
80900	0.000197788
80950	0.000197581
81000	0.000198449
81050	0.000199312
81100	0.000198205
81150	0.000198366
81200	0.000198682
81250	0.000198475
81300	0.000203031
81350	0.000200136
81400	0.000198864
81450	0.000198867
81500	0.000199608
81550	0.000202551
81600	0.000199534
81650	0.000203898
81700	0.000201036
81750	0.00019981
81800	0.000200036
81850	0.000200014
81900	0.00020242
81950	0.000199266
82000	0.000200418
82050	0.000200683
82100	0.000200922
82150	0.000200825
82200	0.000201225
82250	0.000201034
82300	0.000201032
82350	0.000201259
82400	0.00020144
82450	0.000202248
82500	0.000202259
82550	0.000201176
82600	0.00020114
82650	0.000201588
82700	0.000202257
82750	0.000204295
82800	0.000201663
82850	0.000201546
82900	0.000205288
82950	0.000204337
83000	0.000203345
83050	0.000205978
83100	0.000203403
83150	0.000203064
83200	0.000203297
83250	0.000203412
83300	0.000203697
83350	0.000203895
83400	0.00020445
83450	0.000206667
83500	0.000204507
83550	0.000203436
83600	0.000203712
83650	0.000205788
83700	0.000208944
83750	0.000206385
83800	0.00020612
83850	0.000205798
83900	0.000205687
83950	0.000205299
84000	0.000205188
84050	0.000206845
84100	0.000206302
84150	0.000204763
84200	0.000205185
84250	0.000205815
84300	0.000206933
84350	0.000206238
84400	0.000206247
84450	0.000209059
84500	0.000206706
84550	0.000205998
84600	0.000206215
84650	0.000206851
84700	0.000206182
84750	0.000212078
84800	0.000207915
84850	0.000206604
84900	0.00020732
84950	0.000207373
85000	0.000208645
85050	0.000208045
85100	0.000208312
85150	0.000208245
85200	0.000208425
85250	0.000209051
85300	0.000208506
85350	0.000208839
85400	0.000208589
85450	0.000210117
85500	0.000209403
85550	0.000209159
85600	0.000209582
85650	0.000212378
85700	0.000213966
85750	0.000212416
85800	0.000209652
85850	0.000209833
85900	0.000209958
85950	0.000209932
86000	0.00021045
86050	0.000211077
86100	0.000211006
86150	0.000210582
86200	0.000210198
86250	0.000210134
86300	0.000210468
86350	0.000211288
86400	0.000211138
86450	0.000211122
86500	0.000211992
86550	0.000216934
86600	0.000214277
86650	0.000216718
86700	0.000212287
86750	0.000212566
86800	0.000212325
86850	0.000214522
86900	0.000214597
86950	0.000213165
87000	0.000214034
87050	0.000214213
87100	0.000216208
87150	0.000213087
87200	0.00021333
87250	0.000213438
87300	0.000213754
87350	0.000213508
87400	0.000216494
87450	0.000213593
87500	0.000214502
87550	0.000218632
87600	0.000214613
87650	0.000220079
87700	0.000214683
87750	0.000213728
87800	0.000217214
87850	0.000213919
87900	0.000213975
87950	0.000214203
88000	0.000215443
88050	0.000215679
88100	0.000218291
88150	0.000215692
88200	0.000216087
88250	0.000215988
88300	0.000215944
88350	0.000216235
88400	0.000215939
88450	0.000217631
88500	0.000216943
88550	0.000215808
88600	0.000216037
88650	0.000218961
88700	0.00021763
88750	0.000217809
88800	0.000216395
88850	0.000217696
88900	0.000216688
88950	0.000216548
89000	0.000218501
89050	0.00021693
89100	0.000217477
89150	0.000218114
89200	0.000219954
89250	0.000219707
89300	0.000218446
89350	0.000221401
89400	0.00021869
89450	0.000220125
89500	0.000220044
89550	0.000219341
89600	0.000221126
89650	0.000219454
89700	0.000219585
89750	0.000219872
89800	0.000219853
89850	0.000221462
89900	0.000222189
89950	0.000219765
90000	0.000219981
90050	0.000220685
90100	0.00022354
90150	0.000220494
90200	0.000220837
90250	0.000223788
90300	0.000220902
90350	0.000223501
90400	0.000222089
90450	0.000220939
90500	0.000221656
90550	0.000221412
90600	0.000222001
90650	0.000221992
90700	0.000222046
90750	0.000221983
90800	0.000222288
90850	0.000223268
90900	0.000225377
90950	0.000222273
91000	0.000223156
91050	0.000222755
91100	0.000223427
91150	0.000223172
91200	0.000223312
91250	0.000223553
91300	0.000225904
91350	0.000223556
91400	0.000223549
91450	0.000224916
91500	0.000224739
91550	0.000224274
91600	0.000224466
91650	0.000226011
91700	0.000225788
91750	0.000225604
91800	0.000224844
91850	0.000224499
91900	0.000224853
91950	0.000227627
92000	0.000225396
92050	0.000225362
92100	0.000225672
92150	0.000225432
92200	0.000226859
92250	0.000226576
92300	0.000226074
92350	0.000225991
92400	0.000226118
92450	0.000226194
92500	0.000226847
92550	0.000226794
92600	0.00022988
92650	0.0002268
92700	0.000228018
92750	0.000229914
92800	0.000227279
92850	0.000227378
92900	0.000227347
92950	0.000227176
93000	0.000227933
93050	0.000227951
93100	0.00022815
93150	0.000232226
93200	0.000228257
93250	0.000231171
93300	0.000228754
93350	0.00023012
93400	0.000231236
93450	0.000230051
93500	0.000228711
93550	0.000229104
93600	0.000233065
93650	0.000229229
93700	0.000229711
93750	0.000229697
93800	0.000229849
93850	0.000229891
93900	0.000229747
93950	0.00022987
94000	0.000230376
94050	0.000231022
94100	0.000231307
94150	0.000230435
94200	0.00023122
94250	0.000230724
94300	0.000232336
94350	0.000232336
94400	0.000231158
94450	0.000230748
94500	0.000231927
94550	0.000232231
94600	0.000231627
94650	0.000231578
94700	0.000232047
94750	0.000234846
94800	0.000232029
94850	0.000232052
94900	0.000232445
94950	0.000232186
95000	0.000233524
95050	0.000236744
95100	0.000233143
95150	0.000232816
95200	0.000233151
95250	0.000232994
95300	0.000233501
95350	0.000233465
95400	0.000233246
95450	0.000233397
95500	0.000234006
95550	0.000234231
95600	0.000234902
95650	0.000235678
95700	0.000235938
95750	0.000234554
95800	0.000234688
95850	0.000234616
95900	0.000234671
95950	0.00023514
96000	0.000234903
96050	0.000238098
96100	0.000235344
96150	0.000235389
96200	0.000236013
96250	0.000238413
96300	0.000235775
96350	0.000236066
96400	0.00023921
96450	0.000237027
96500	0.000236477
96550	0.00023647
96600	0.000236785
96650	0.000236815
96700	0.000236988
96750	0.000238276
96800	0.000238512
96850	0.000240314
96900	0.000238782
96950	0.000238799
97000	0.000238147
97050	0.000237837
97100	0.000237908
97150	0.000239402
97200	0.000239645
97250	0.000238181
97300	0.000238507
97350	0.000239329
97400	0.000241231
97450	0.000238393
97500	0.000239227
97550	0.000239105
97600	0.000238416
97650	0.000238054
97700	0.000238548
97750	0.000239585
97800	0.000240667
97850	0.000241924
97900	0.000241046
97950	0.000239985
98000	0.000240166
98050	0.000240011
98100	0.000240287
98150	0.000240359
98200	0.000240749
98250	0.000244372
98300	0.00024069
98350	0.000240735
98400	0.000240988
98450	0.000240991
98500	0.000241102
98550	0.000244099
98600	0.00024182
98650	0.000241448
98700	0.000241869
98750	0.000243145
98800	0.000242049
98850	0.000242209
98900	0.000241956
98950	0.000241989
99000	0.000242257
99050	0.000242666
99100	0.000244195
99150	0.000243942
99200	0.000243877
99250	0.000243153
99300	0.000243088
99350	0.000243154
99400	0.000243355
99450	0.000243657
99500	0.000243837
99550	0.000243485
99600	0.000243936
99650	0.000247996
99700	0.000246652
99750	0.000244404
99800	0.000246121
99850	0.000245821
99900	0.000244754
99950	0.00024448
100000	0.0002468
100050	0.0002462
100100	0.000248986
100150	0.000249127
100200	0.000247958
100250	0.000247936
100300	0.000246288
100350	0.000247383
100400	0.000246957
100450	0.000251536
100500	0.000247039
100550	0.000246272
100600	0.000247986
100650	0.00024655
100700	0.000246922
100750	0.000246788
100800	0.000247051
100850	0.00024616
100900	0.000245046
100950	0.000245687
101000	0.000247462
101050	0.000248442
101100	0.000247927
101150	0.000250478
101200	0.000247922
101250	0.000250842
101300	0.000248051
101350	0.000248135
101400	0.000248099
101450	0.000248216
101500	0.000249557
101550	0.000249883
101600	0.000247709
101650	0.000248005
101700	0.000248268
101750	0.00024814
101800	0.000248656
101850	0.000249344
101900	0.000250858
101950	0.000251198
102000	0.00025094
102050	0.00024896
102100	0.000249729
102150	0.000249904
102200	0.000253134
102250	0.000250309
102300	0.000252018
102350	0.000251877
102400	0.000250622
102450	0.000250683
102500	0.000251137
102550	0.000250905
102600	0.00025131
102650	0.000251455
102700	0.000251415
102750	0.000252518
102800	0.00025154
102850	0.000251677
102900	0.000251739
102950	0.000254536
103000	0.000253291
103050	0.00025223
103100	0.000252787
103150	0.000252595
103200	0.000252802
103250	0.000252669
103300	0.000254345
103350	0.000254306
103400	0.00025396
103450	0.000254063
103500	0.000254226
103550	0.000253589
103600	0.000254011
103650	0.000258316
103700	0.000254103
103750	0.000254117
103800	0.000259823
103850	0.000255124
103900	0.000254538
103950	0.000254188
104000	0.000254779
104050	0.00025484
104100	0.00025658
104150	0.000256489
104200	0.00025512
104250	0.000255024
104300	0.00025551
104350	0.000257301
104400	0.000255641
104450	0.000255726
104500	0.000256151
104550	0.000257802
104600	0.000257657
104650	0.00025954
104700	0.000256403
104750	0.000256647
104800	0.000257428
104850	0.000256726
104900	0.000256768
104950	0.000256934
105000	0.000257725
105050	0.000258754
105100	0.000260551
105150	0.000257318
105200	0.000257667
105250	0.000261644
105300	0.000258671
105350	0.000258122
105400	0.000261073
105450	0.000258221
105500	0.000258555
105550	0.000258338
105600	0.000258894
105650	0.000258568
105700	0.000259914
105750	0.000259135
105800	0.000259349
105850	0.000262113
105900	0.000259158
105950	0.00025911
106000	0.000259823
106050	0.000259692
106100	0.000259951
106150	0.000260041
106200	0.000261494
106250	0.000261333
106300	0.000261932
106350	0.000263425
106400	0.000263044
106450	0.000260549
106500	0.000260988
106550	0.000260844
106600	0.000261383
106650	0.000262206
106700	0.000262611
106750	0.000264577
106800	0.000263188
106850	0.000261388
106900	0.000261568
106950	0.000264409
107000	0.00026251
107050	0.000262098
107100	0.00026342
107150	0.00026316
107200	0.000262881
107250	0.000268462
107300	0.000262565
107350	0.000262918
107400	0.000262828
107450	0.000262641
107500	0.00026295
107550	0.000264682
107600	0.000266528
107650	0.000263662
107700	0.000263861
107750	0.000263705
107800	0.000263946
107850	0.000263848
107900	0.000263799
107950	0.000267343
108000	0.000265244
108050	0.000266069
108100	0.000265035
108150	0.000264996
108200	0.000265071
108250	0.000265141
108300	0.000265351
108350	0.00026524
108400	0.000268961
108450	0.000266757
108500	0.0002663
108550	0.00026623
108600	0.000267687
108650	0.000267231
108700	0.000266394
108750	0.000266256
108800	0.000266689
108850	0.000266757
108900	0.000266687
108950	0.000266222
109000	0.000267719
109050	0.000267121
109100	0.000267554
109150	0.00026737
109200	0.000269277
109250	0.0002689
109300	0.000271123
109350	0.000267779
109400	0.000267744
109450	0.000270903
109500	0.000268931
109550	0.000269561
109600	0.000268611
109650	0.000268451
109700	0.00026931
109750	0.000268931
109800	0.000268668
109850	0.000268983
109900	0.000270373
109950	0.000269856
110000	0.000270451
110050	0.000268542
110100	0.000269524
110150	0.000269991
110200	0.000272786
110250	0.000270065
110300	0.000270143
110350	0.000270274
110400	0.000271805
110450	0.000270378
110500	0.000270667
110550	0.000270556
110600	0.000271186
110650	0.000270794
110700	0.000271218
110750	0.000271307
110800	0.000274354
110850	0.000273418
110900	0.000271487
110950	0.000271391
111000	0.000272415
111050	0.000273333
111100	0.000273542
111150	0.000272358
111200	0.000272576
111250	0.000273715
111300	0.000273914
111350	0.000272712
111400	0.000272873
111450	0.0002728
111500	0.000274101
111550	0.000273234
111600	0.000273662
111650	0.000273677
111700	0.000274004
111750	0.000277735
111800	0.00027489
111850	0.000273876
111900	0.000275697
111950	0.000275874
112000	0.000276869
112050	0.000276582
112100	0.000275801
112150	0.000275712
112200	0.000276708
112250	0.000283771
112300	0.000282109
112350	0.000276953
112400	0.000275835
112450	0.000275043
112500	0.000276979
112550	0.000277335
112600	0.000280771
112650	0.000277885
112700	0.000279572
112750	0.00028111
112800	0.000278283
112850	0.000277978
112900	0.000276977
112950	0.000276678
113000	0.000279659
113050	0.000277191
113100	0.000280464
113150	0.000281234
113200	0.000279165
113250	0.000277712
113300	0.000277914
113350	0.000277741
113400	0.000283746
113450	0.000280932
113500	0.00027898
113550	0.000278645
113600	0.000279702
113650	0.000279091
113700	0.000280534
113750	0.000279982
113800	0.0002847
113850	0.000279067
113900	0.00027913
113950	0.00027896
114000	0.000280496
114050	0.000279433
114100	0.000283679
114150	0.000279709
114200	0.000280136
114250	0.000280292
114300	0.000280217
114350	0.000280046
114400	0.000280206
114450	0.000284423
114500	0.000281859
114550	0.000285139
114600	0.00028383
114650	0.000281206
114700	0.000281415
114750	0.0002811
114800	0.000281319
114850	0.000281309
114900	0.000281794
114950	0.000281704
115000	0.000281889
115050	0.000282736
115100	0.000281954
115150	0.000282272
115200	0.000285473
115250	0.000285318
115300	0.0002829
115350	0.000282582
115400	0.000282831
115450	0.000285578
115500	0.000283704
115550	0.000284753
115600	0.000285349
115650	0.000285096
115700	0.000284401
115750	0.000283784
115800	0.000284175
115850	0.000284259
115900	0.000284274
115950	0.000284094
116000	0.000285852
116050	0.000284606
116100	0.000284933
116150	0.000284902
116200	0.000285119
116250	0.000285319
116300	0.000285328
116350	0.000287256
116400	0.000287425
116450	0.000286869
116500	0.00028647
116550	0.000285495
116600	0.000286298
116650	0.000288923
116700	0.00028618
116750	0.000286336
116800	0.000286606
116850	0.000289136
116900	0.000287858
116950	0.000286689
117000	0.000287363
117050	0.000285979
117100	0.000292086
117150	0.000285981
117200	0.000287556
117250	0.000287887
117300	0.000287943
117350	0.000288876
117400	0.000295488
117450	0.000290717
117500	0.000288922
117550	0.000288321
117600	0.000288559
117650	0.000288487
117700	0.00028901
117750	0.000289092
117800	0.000288955
117850	0.000289668
117900	0.000289266
117950	0.000289185
118000	0.000289728
118050	0.000292374
118100	0.000289868
118150	0.000289415
118200	0.000293162
118250	0.000290197
118300	0.000294913
118350	0.000290104
118400	0.000293726
118450	0.000290125
118500	0.000290895
118550	0.000290589
118600	0.000294148
118650	0.000291171
118700	0.000291194
118750	0.000299129
118800	0.000291472
118850	0.000294347
118900	0.000294801
118950	0.000291337
119000	0.000292563
119050	0.000292036
119100	0.000292646
119150	0.000291831
119200	0.000295187
119250	0.000293831
119300	0.000292509
119350	0.00029261
119400	0.00029562
119450	0.000292967
119500	0.000293364
119550	0.00029623
119600	0.000293686
119650	0.000293377
119700	0.000294921
119750	0.000297095
119800	0.000293764
119850	0.000294213
119900	0.000294324
119950	0.000293733
120000	0.000294564
120050	0.000297392
120100	0.000297789
120150	0.000296188
120200	0.00029792
120250	0.000295108
120300	0.000295314
120350	0.000295505
120400	0.000295392
120450	0.000294903
120500	0.000296362
120550	0.000295847
120600	0.000296972
120650	0.000295609
120700	0.000296556
120750	0.000299034
120800	0.000296528
120850	0.000296587
120900	0.000296432
120950	0.000296529
121000	0.000297285
121050	0.000301388
121100	0.000297961
121150	0.00029704
121200	0.00029772
121250	0.000297212
121300	0.000297639
121350	0.000297461
121400	0.000298257
121450	0.000300489
121500	0.00029893
121550	0.000298025
121600	0.000298508
121650	0.000298639
121700	0.000298659
121750	0.0002984
121800	0.000302187
121850	0.000301575
121900	0.00029911
121950	0.000301417
122000	0.000302795
122050	0.000301093
122100	0.000300991
122150	0.000300846
122200	0.000300778
122250	0.000301556
122300	0.000305155
122350	0.000309349
122400	0.000303127
122450	0.000303427
122500	0.000301552
122550	0.000300603
122600	0.000304071
122650	0.00030086
122700	0.000302712
122750	0.000302433
122800	0.000301374
122850	0.000301404
122900	0.000301736
122950	0.000302616
123000	0.000303578
123050	0.000309202
123100	0.000308937
123150	0.000305734
123200	0.000309275
123250	0.000323135
123300	0.000331056
123350	0.000308148
123400	0.000311193
123450	0.000308454
123500	0.000307226
123550	0.000304335
123600	0.000304148
123650	0.000304283
123700	0.000307269
123750	0.000307833
123800	0.000304493
123850	0.000307509
123900	0.000306731
123950	0.000304718
124000	0.000306283
124050	0.000304497
124100	0.000305131
124150	0.000304597
124200	0.000306429
124250	0.000306806
124300	0.000304811
124350	0.00031195
124400	0.000308241
124450	0.000305137
124500	0.000306188
124550	0.000307267
124600	0.000309697
124650	0.000306092
124700	0.000306265
124750	0.000305972
124800	0.000307843
124850	0.000307274
124900	0.000306549
124950	0.000306661
125000	0.000307528
125050	0.000309537
125100	0.000307259
125150	0.000310182
125200	0.000307424
125250	0.000312774
125300	0.000308925
125350	0.000308053
125400	0.000307869
125450	0.000307587
125500	0.00030894
125550	0.000310009
125600	0.000311027
125650	0.000308253
125700	0.000309579
125750	0.00030967
125800	0.00030894
125850	0.000310171
125900	0.00031019
125950	0.000308834
126000	0.000309956
126050	0.000309363
126100	0.000309535
126150	0.000309703
126200	0.000314612
126250	0.000309916
126300	0.000309832
126350	0.000309972
126400	0.000310151
126450	0.000310222
126500	0.0003112
126550	0.0003106
126600	0.000310909
126650	0.000312117
126700	0.000312196
126750	0.000310817
126800	0.00031093
126850	0.000317448
126900	0.000311605
126950	0.000311795
127000	0.000312676
127050	0.000314978
127100	0.000313254
127150	0.000314709
127200	0.000312106
127250	0.000315347
127300	0.000312574
127350	0.000315074
127400	0.000312917
127450	0.000312722
127500	0.000313137
127550	0.000313482
127600	0.000315385
127650	0.000313203
127700	0.000313596
127750	0.000316506
127800	0.000313766
127850	0.000315577
127900	0.000315073
127950	0.000313953
128000	0.000314419
128050	0.000315512
128100	0.000317281
128150	0.000314831
128200	0.000317815
128250	0.000314906
128300	0.000314964
128350	0.000317672
128400	0.000317419
128450	0.000315114
128500	0.000316084
128550	0.000318419
128600	0.000315935
128650	0.000315519
128700	0.000316015
128750	0.000316109
128800	0.000316304
128850	0.000316119
128900	0.000316335
128950	0.000316529
129000	0.000317567
129050	0.000316895
129100	0.000317377
129150	0.000317075
129200	0.000317421
129250	0.000320655
129300	0.000317477
129350	0.000317172
129400	0.000317609
129450	0.000317936
129500	0.000319472
129550	0.000321028
129600	0.00031865
129650	0.000318319
129700	0.000318708
129750	0.000318492
129800	0.000319005
129850	0.000321736
129900	0.000322123
129950	0.000319735
130000	0.000319155
130050	0.000319406
130100	0.000322535
130150	0.000319824
130200	0.0003201
130250	0.000322647
130300	0.000320205
130350	0.000320441
130400	0.000321324
130450	0.00032325
130500	0.000321222
130550	0.000320704
130600	0.000321124
130650	0.000320479
130700	0.000323439
130750	0.000322184
130800	0.000321529
130850	0.000322594
130900	0.000323397
130950	0.00032238
131000	0.000322866
131050	0.000322134
131100	0.000322344
131150	0.000322014
131200	0.000322542
131250	0.000322332
131300	0.000322697
131350	0.000324232
131400	0.000322764
131450	0.000322588
131500	0.000323179
131550	0.000326083
131600	0.000323457
131650	0.000326011
131700	0.000323704
131750	0.000324206
131800	0.000324484
131850	0.0003238
131900	0.000327292
131950	0.000324275
132000	0.000324773
132050	0.000324301
132100	0.000327801
132150	0.000324796
132200	0.000328046
132250	0.000326895
132300	0.000325134
132350	0.0003278
132400	0.000325292
132450	0.000325108
132500	0.000326072
132550	0.000325489
132600	0.000325769
132650	0.0003261
132700	0.000327104
132750	0.000329039
132800	0.000326446
132850	0.000326682
132900	0.000326632
132950	0.000326161
133000	0.000329298
133050	0.000328761
133100	0.000329599
133150	0.00033054
133200	0.000329963
133250	0.000330531
133300	0.000331263
133350	0.000330961
133400	0.000331938
133450	0.000329056
133500	0.000330228
133550	0.000330964
133600	0.000331861
133650	0.000329449
133700	0.000328893
133750	0.000329573
133800	0.000332341
133850	0.000328592
133900	0.00032914
133950	0.000329085
134000	0.000329916
134050	0.000332753
134100	0.000335201
134150	0.00032981
134200	0.000331793
134250	0.000331469
134300	0.000333299
134350	0.000330254
134400	0.000330564
134450	0.000333322
134500	0.000331151
134550	0.000335092
134600	0.000331247
134650	0.000333573
134700	0.000331304
134750	0.000334074
134800	0.000334733
134850	0.000331537
134900	0.000331509
134950	0.0003318
135000	0.00033299
135050	0.000333155
135100	0.000332076
135150	0.000331973
135200	0.000332654
135250	0.000332219
135300	0.000339203
135350	0.000332648
135400	0.000332952
135450	0.00033341
135500	0.000334323
135550	0.000334336
135600	0.000334359
135650	0.000334175
135700	0.000333672
135750	0.000333412
135800	0.000336066
135850	0.000340207
135900	0.000335204
135950	0.000335402
136000	0.000335802
136050	0.000337448
136100	0.000340632
136150	0.000334714
136200	0.00033527
136250	0.000334753
136300	0.000335874
136350	0.000335004
136400	0.000335345
136450	0.000336503
136500	0.000336499
136550	0.000334202
136600	0.000334968
136650	0.000337871
136700	0.000337501
136750	0.00033686
136800	0.000336756
136850	0.000336313
136900	0.000339911
136950	0.000338975
137000	0.000337818
137050	0.000336978
137100	0.00034185
137150	0.000338472
137200	0.000340769
137250	0.000338221
137300	0.000338003
137350	0.000337893
137400	0.000339507
137450	0.000338071
137500	0.000338845
137550	0.000338168
137600	0.000338755
137650	0.000338247
137700	0.00033916
137750	0.000342597
137800	0.000339109
137850	0.000341066
137900	0.000339474
137950	0.000342501
138000	0.000340732
138050	0.000339409
138100	0.000339973
138150	0.000339516
138200	0.000340822
138250	0.000344604
138300	0.000343406
138350	0.000340248
138400	0.000341374
138450	0.000343689
138500	0.000342085
138550	0.00034109
138600	0.000341222
138650	0.000341069
138700	0.000341832
138750	0.000342757
138800	0.000342631
138850	0.000341677
138900	0.000342741
138950	0.000341783
139000	0.000342501
139050	0.000345409
139100	0.000342528
139150	0.000342628
139200	0.000343167
139250	0.000344754
139300	0.000346025
139350	0.000343382
139400	0.000343401
139450	0.000343133
139500	0.000344145
139550	0.000343347
139600	0.000347383
139650	0.000344265
139700	0.000345854
139750	0.000344101
139800	0.000344497
139850	0.000346057
139900	0.000347267
139950	0.000346006
140000	0.000344388
140050	0.000345202
140100	0.000348558
140150	0.000345951
140200	0.000345462
140250	0.000347134
140300	0.00034751
140350	0.000345344
140400	0.000345343
140450	0.000348262
140500	0.000346113
140550	0.000348181
140600	0.000348842
140650	0.000346888
140700	0.000346657
140750	0.000349712
140800	0.00034742
140850	0.000346583
140900	0.000350004
140950	0.000346935
141000	0.000347846
141050	0.000347384
141100	0.000349241
141150	0.000347415
141200	0.000348002
141250	0.000347758
141300	0.000348083
141350	0.000348123
141400	0.000347015
141450	0.000346755
141500	0.000349132
141550	0.000351793
141600	0.00035092
141650	0.000349103
141700	0.000349212
141750	0.000348823
141800	0.000349503
141850	0.000349281
141900	0.000349651
141950	0.000352667
142000	0.000350795
142050	0.000354204
142100	0.000353488
142150	0.00035606
142200	0.00035586
142250	0.000352598
142300	0.00035255
142350	0.000354522
142400	0.000353724
142450	0.000353195
142500	0.000353111
142550	0.000352881
142600	0.000351678
142650	0.000351354
142700	0.00035466
142750	0.000351464
142800	0.000352235
142850	0.000354239
142900	0.000354589
142950	0.000353648
143000	0.000353438
143050	0.000356041
143100	0.000353097
143150	0.000352941
143200	0.000353044
143250	0.000356447
143300	0.000356364
143350	0.000352935
143400	0.000356613
143450	0.000357445
143500	0.000354266
143550	0.000353427
143600	0.000353857
143650	0.000353848
143700	0.000356303
143750	0.000358148
143800	0.000354159
143850	0.000356365
143900	0.000357448
143950	0.000354605
144000	0.00035516
144050	0.000354744
144100	0.000355664
144150	0.000361174
144200	0.000355885
144250	0.000355749
144300	0.000355963
144350	0.000360865
144400	0.000357236
144450	0.000354349
144500	0.00035694
144550	0.000356781
144600	0.00035908
144650	0.000356145
144700	0.000357033
144750	0.000356852
144800	0.000358559
144850	0.00035672
144900	0.000357327
144950	0.000356739
145000	0.000358679
145050	0.000357141
145100	0.000360208
145150	0.000357798
145200	0.000361233
145250	0.000358124
145300	0.000360116
145350	0.000357534
145400	0.000359083
145450	0.000361904
145500	0.000359865
145550	0.000360602
145600	0.000360779
145650	0.000362215
145700	0.00035988
145750	0.000363911
145800	0.00036236
145850	0.000362693
145900	0.000360105
145950	0.000359752
146000	0.000360553
146050	0.000360292
146100	0.000360961
146150	0.000360056
146200	0.000365349
146250	0.000361721
146300	0.000361275
146350	0.000360825
146400	0.000363958
146450	0.000360982
146500	0.000362065
146550	0.000361675
146600	0.000361958
146650	0.000363017
146700	0.000364819
146750	0.000361696
146800	0.000362175
146850	0.000360749
146900	0.00036119
146950	0.000365849
147000	0.000362772
147050	0.000362666
147100	0.000363505
147150	0.000366558
147200	0.000367054
147250	0.000362734
147300	0.000366869
147350	0.000363469
147400	0.000363971
147450	0.000364761
147500	0.0003643
147550	0.000367494
147600	0.000365873
147650	0.000363937
147700	0.000364565
147750	0.000369127
147800	0.000366299
147850	0.000364654
147900	0.000364786
147950	0.000364883
148000	0.000365765
148050	0.000369124
148100	0.000365454
148150	0.000365053
148200	0.000367479
148250	0.000365396
148300	0.000365524
148350	0.000365731
148400	0.000366763
148450	0.000368647
148500	0.000367083
148550	0.00036635
148600	0.000369676
148650	0.000366471
148700	0.000366735
148750	0.0003667
148800	0.000370462
148850	0.000366769
148900	0.000367647
148950	0.000370275
149000	0.000516451
149050	0.000362852
149100	0.000363155
149150	0.000363299
149200	0.000363246
149250	0.000363814
149300	0.000363582
149350	0.000363381
149400	0.000364231
149450	0.000363954
149500	0.000365356
149550	0.000364232
149600	0.000364266
149650	0.000364938
149700	0.000364758
149750	0.000364007
149800	0.000365292
149850	0.000368189
149900	0.000365305
149950	0.000367397
150000	0.000366576
150050	0.000369053
150100	0.00036569
150150	0.00036712
150200	0.000364973
150250	0.000366334
150300	0.000365996
150350	0.000366071
150400	0.000367958
150450	0.000365856
150500	0.000367516
150550	0.000369205
150600	0.000367181
150650	0.000366845
150700	0.000367169
150750	0.000370093
150800	0.00036794
150850	0.000368939
150900	0.000369925
150950	0.000367246
151000	0.00037057
151050	0.000372805
151100	0.000372605
151150	0.000371134
151200	0.000371234
151250	0.000371964
151300	0.000373727
151350	0.000372158
151400	0.000373538
151450	0.000371628
151500	0.000370647
151550	0.000369361
151600	0.00037454
151650	0.000370513
151700	0.000372873
151750	0.000370103
151800	0.00037548
151850	0.000369823
151900	0.000370296
151950	0.000370329
152000	0.000371625
152050	0.00037193
152100	0.000375833
152150	0.000370634
152200	0.000370738
152250	0.000373534
152300	0.000374058
152350	0.000371292
152400	0.000371476
152450	0.000374955
152500	0.000372499
152550	0.00037188
152600	0.000371632
152650	0.000371882
152700	0.000374114
152750	0.000375968
152800	0.00037247
152850	0.000376193
152900	0.000372953
152950	0.000373081
153000	0.000374379
153050	0.000373675
153100	0.000374154
153150	0.000373288
153200	0.00037498
153250	0.000373732
153300	0.000379839
153350	0.000374182
153400	0.000374038
153450	0.00037419
153500	0.000375943
153550	0.000376821
153600	0.000374797
153650	0.000376885
153700	0.000374721
153750	0.000377494
153800	0.00037516
153850	0.000375088
153900	0.00037516
153950	0.000378288
154000	0.000376826
154050	0.000375107
154100	0.000377471
154150	0.000375785
154200	0.000378908
154250	0.000376497
154300	0.000376405
154350	0.000376298
154400	0.000379421
154450	0.000376182
154500	0.0003783
154550	0.000380356
154600	0.000379653
154650	0.000376837
154700	0.000377786
154750	0.000380044
154800	0.00037783
154850	0.00037775
154900	0.000378091
154950	0.000377525
155000	0.000378827
155050	0.000379901
155100	0.000378053
155150	0.000381549
155200	0.000379506
155250	0.000378937
155300	0.000378768
155350	0.00037848
155400	0.000381885
155450	0.000378999
155500	0.000380275
155550	0.000379118
155600	0.000379848
155650	0.000386172
155700	0.000380093
155750	0.000381453
155800	0.000381696
155850	0.000380188
155900	0.000382884
155950	0.000380344
156000	0.000382542
156050	0.000380985
156100	0.000381501
156150	0.000384397
156200	0.000381347
156250	0.000381276
156300	0.000381144
156350	0.000384891
156400	0.000382035
156450	0.000385617
156500	0.000383109
156550	0.000381898
156600	0.000385955
156650	0.00038262
156700	0.000383313
156750	0.000382417
156800	0.000384015
156850	0.000384232
156900	0.00038286
156950	0.000387555
157000	0.000383562
157050	0.000383
157100	0.000387078
157150	0.000383546
157200	0.000383971
157250	0.000383822
157300	0.000386732
157350	0.000383755
157400	0.000387353
157450	0.00038375
157500	0.000385101
157550	0.000390904
157600	0.000384765
157650	0.000385341
157700	0.000385694
157750	0.000388033
157800	0.000385818
157850	0.000387373
157900	0.000385166
157950	0.000385495
158000	0.000386267
158050	0.000385763
158100	0.000386007
158150	0.000388987
158200	0.000386768
158250	0.000389539
158300	0.000388361
158350	0.000387645
158400	0.000386882
158450	0.000389509
158500	0.000387374
158550	0.000387316
158600	0.000387609
158650	0.000387316
158700	0.000393929
158750	0.00038743
158800	0.000389183
158850	0.000389341
158900	0.000391186
158950	0.000388228
159000	0.000392084
159050	0.000389834
159100	0.000391042
159150	0.000395353
159200	0.000392861
159250	0.00039436
159300	0.000391251
159350	0.000392312
159400	0.00039299
159450	0.00038888
159500	0.000390567
159550	0.000389556
159600	0.000390102
159650	0.00039035
159700	0.000391798
159750	0.000392877
159800	0.00039008
159850	0.000396404
159900	0.000391002
159950	0.000394243
160000	0.000391643
160050	0.000390788
160100	0.000394541
160150	0.000392682
160200	0.000392409
160250	0.000394601
160300	0.000392062
160350	0.000391714
160400	0.000395211
160450	0.000391841
160500	0.000393228
160550	0.000391687
160600	0.00039588
160650	0.000393668
160700	0.000392645
160750	0.000392811
160800	0.000394197
160850	0.000395626
160900	0.00039325
160950	0.000399235
161000	0.000394315
161050	0.000394927
161100	0.000397621
161150	0.000393738
161200	0.00039562
161250	0.00039542
161300	0.000394044
161350	0.000394119
161400	0.000394102
161450	0.000394289
161500	0.000395725
161550	0.000397674
161600	0.000395311
161650	0.000394495
161700	0.000398391
161750	0.000395222
161800	0.000395753
161850	0.000394794
161900	0.000396247
161950	0.000395516
162000	0.000397244
162050	0.000397396
162100	0.000396215
162150	0.00040186
162200	0.00039645
162250	0.000396751
162300	0.000397131
162350	0.000396682
162400	0.000396877
162450	0.00039697
162500	0.000398008
162550	0.000397653
162600	0.000400115
162650	0.00039753
162700	0.000400427
162750	0.000400741
162800	0.000398074
162850	0.000398011
162900	0.000398297
162950	0.000398073
163000	0.000399454
163050	0.000401486
163100	0.000398509
163150	0.000399016
163200	0.000399923
163250	0.00040053
163300	0.000400044
163350	0.00039918
163400	0.000399933
163450	0.000401435
163500	0.000400963
163550	0.000399227
163600	0.000400118
163650	0.000400151
163700	0.000402859
163750	0.000400452
163800	0.000400409
163850	0.000403388
163900	0.000405901
163950	0.000402272
164000	0.000401772
164050	0.000398923
164100	0.000404064
164150	0.000401015
164200	0.000401792
164250	0.000401345
164300	0.000404472
164350	0.000403479
164400	0.000402081
164450	0.000401338
164500	0.000402977
164550	0.000404253
164600	0.000403894
164650	0.000402587
164700	0.000404721
164750	0.000406167
164800	0.000403541
164850	0.000405749
164900	0.000405982
164950	0.000407044
165000	0.000404407
165050	0.000403598
165100	0.000403712
165150	0.000406038
165200	0.00040535
165250	0.000404236
165300	0.000407216
165350	0.000405722
165400	0.000406685
165450	0.000404293
165500	0.000405315
165550	0.000404323
165600	0.000406864
165650	0.000406213
165700	0.000405248
165750	0.000407383
165800	0.000411815
165850	0.000405505
165900	0.000405734
165950	0.000406082
166000	0.000406802
166050	0.000405982
166100	0.000406807
166150	0.000405546
166200	0.000411035
166250	0.00040721
166300	0.000407487
166350	0.000406706
166400	0.000409915
166450	0.000410381
166500	0.000408781
166550	0.000410311
166600	0.000411255
166650	0.000414521
166700	0.000414295
166750	0.000411084
166800	0.000413067
166850	0.00041398
166900	0.000412206
166950	0.000413203
167000	0.000410992
167050	0.000408504
167100	0.000408747
167150	0.0004156
167200	0.000409123
167250	0.000412163
167300	0.000409992
167350	0.000409741
167400	0.000409693
167450	0.000410897
167500	0.000411385
167550	0.000410468
167600	0.000414979
167650	0.000411691
167700	0.00041328
167750	0.000411
167800	0.00041153
167850	0.000415859
167900	0.000412072
167950	0.000412673
168000	0.000412769
168050	0.000413311
168100	0.000415211
168150	0.000412252
168200	0.000411882
168250	0.00041529
168300	0.000411759
168350	0.000412035
168400	0.000412159
168450	0.000412114
168500	0.000413898
168550	0.00041571
168600	0.000412678
168650	0.000412945
168700	0.000416129
168750	0.000413089
168800	0.000413466
168850	0.000413314
168900	0.000415917
168950	0.000415106
169000	0.000414965
169050	0.000413955
169100	0.000414673
169150	0.000414411
169200	0.000413784
169250	0.000418576
169300	0.000414637
169350	0.000418035
169400	0.000414815
169450	0.000414602
169500	0.000416225
169550	0.000415364
169600	0.000415838
169650	0.000415322
169700	0.000418026
169750	0.000418126
169800	0.000416241
169850	0.000417312
169900	0.000418725
169950	0.000422461
170000	0.00041736
170050	0.000416877
170100	0.000417171
170150	0.000417223
170200	0.000416408
170250	0.000420056
170300	0.000416866
170350	0.000417522
170400	0.000417221
170450	0.000420161
170500	0.00041844
170550	0.000417625
170600	0.00041791
170650	0.000418216
170700	0.000420846
170750	0.000418501
170800	0.000418926
170850	0.000420647
170900	0.000421391
170950	0.000421382
171000	0.000420548
171050	0.000419179
171100	0.000421338
171150	0.00041885
171200	0.000419696
171250	0.000423037
171300	0.000420376
171350	0.000422156
171400	0.000419496
171450	0.00042037
171500	0.000421397
171550	0.000420225
171600	0.000420966
171650	0.000425277
171700	0.000422485
171750	0.000421038
171800	0.000423093
171850	0.000425553
171900	0.000424607
171950	0.000421481
172000	0.000423309
172050	0.000422324
172100	0.000423248
172150	0.000421479
172200	0.000425135
172250	0.000422456
172300	0.000426816
172350	0.000421987
172400	0.000422507
172450	0.000422575
172500	0.000423601
172550	0.000423137
172600	0.000422915
172650	0.000425327
172700	0.000423492
172750	0.000425493
172800	0.000426676
172850	0.000426295
172900	0.00042454
172950	0.000424072
173000	0.000424927
173050	0.000424439
173100	0.000424153
173150	0.000427745
173200	0.000427118
173250	0.000424897
173300	0.000425099
173350	0.000424399
173400	0.00042501
173450	0.000428663
173500	0.000425762
173550	0.000425347
173600	0.000428631
173650	0.000427889
173700	0.000425736
173750	0.000429489
173800	0.000429493
173850	0.000427675
173900	0.000430299
173950	0.000435384
174000	0.000431388
174050	0.000427674
174100	0.000433933
174150	0.000431868
174200	0.000430282
174250	0.000427006
174300	0.000427777
174350	0.000427085
174400	0.000431162
174450	0.00042767
174500	0.000429392
174550	0.00043144
174600	0.000433045
174650	0.000429961
174700	0.000429152
174750	0.000432195
174800	0.000431736
174850	0.00042878
174900	0.000430416
174950	0.000431483
175000	0.000431191
175050	0.000437958
175100	0.000430294
175150	0.000429895
175200	0.000430803
175250	0.000430426
175300	0.000430041
175350	0.000433326
175400	0.000430376
175450	0.000430651
175500	0.000432545
175550	0.000432809
175600	0.000432224
175650	0.000433314
175700	0.000431907
175750	0.000431442
175800	0.000431554
175850	0.000431643
175900	0.000431722
175950	0.000431159
176000	0.000433704
176050	0.000431535
176100	0.000432542
176150	0.000432055
176200	0.000432205
176250	0.000433099
176300	0.000435748
176350	0.000432683
176400	0.000432849
176450	0.000435829
176500	0.000434602
176550	0.000435111
176600	0.000436029
176650	0.000433414
176700	0.000434362
176750	0.000433412
176800	0.000434173
176850	0.00043422
176900	0.000437611
176950	0.000436207
177000	0.000435813
177050	0.000434528
177100	0.000435245
177150	0.000434807
177200	0.000437716
177250	0.000435454
177300	0.000435232
177350	0.000438014
177400	0.000438348
177450	0.000436035
177500	0.000437368
177550	0.000435826
177600	0.0004362
177650	0.000436511
177700	0.00043604
177750	0.000436053
177800	0.000437264
177850	0.000438473
177900	0.000441195
177950	0.000437773
178000	0.00043779
178050	0.000436821
178100	0.000440773
178150	0.000438157
178200	0.000438082
178250	0.000440592
178300	0.00043868
178350	0.000444206
178400	0.000437864
178450	0.00043849
178500	0.00043982
178550	0.000438768
178600	0.000438571
178650	0.000438761
178700	0.000439082
178750	0.000438576
178800	0.00044555
178850	0.000440255
178900	0.000446062
178950	0.000440689
179000	0.000440329
179050	0.000440367
179100	0.000441803
179150	0.000441618
179200	0.000440873
179250	0.000445
179300	0.000440421
179350	0.000440561
179400	0.000440799
179450	0.000439156
179500	0.000441756
179550	0.000440957
179600	0.000441724
179650	0.000440946
179700	0.000448238
179750	0.000445249
179800	0.00045006
179850	0.000441847
179900	0.000442656
179950	0.00044238
180000	0.000443334
180050	0.000442835
180100	0.000444362
180150	0.000444073
180200	0.000445803
180250	0.000442659
180300	0.000443641
180350	0.000442971
180400	0.000443161
180450	0.000446191
180500	0.000444237
180550	0.000446337
180600	0.000445564
180650	0.000449931
180700	0.000445491
180750	0.000444426
180800	0.00044488
180850	0.000447546
180900	0.000444439
180950	0.00044733
181000	0.000449936
181050	0.000452834
181100	0.000451112
181150	0.000445727
181200	0.000450143
181250	0.000445483
181300	0.000448055
181350	0.000448829
181400	0.000447854
181450	0.000448992
181500	0.000451785
181550	0.000455849
181600	0.000451418
181650	0.000449848
181700	0.000448681
181750	0.00045041
181800	0.000450834
181850	0.000446522
181900	0.000449076
181950	0.000448963
182000	0.000449811
182050	0.000449757
182100	0.000449915
182150	0.000451551
182200	0.000452027
182250	0.000450522
182300	0.000452428
182350	0.000452126
182400	0.000449521
182450	0.00044871
182500	0.000450975
182550	0.000452514
182600	0.000449439
182650	0.000449374
182700	0.000449737
182750	0.000450058
182800	0.0004501
182850	0.000449325
182900	0.000450627
182950	0.000449843
183000	0.000452246
183050	0.000453386
183100	0.000451162
183150	0.000453816
183200	0.000451572
183250	0.000451023
183300	0.000450873
183350	0.000452621
183400	0.000453458
183450	0.0004534
183500	0.000452759
183550	0.000451261
183600	0.000452064
183650	0.000451945
183700	0.000454668
183750	0.000454367
183800	0.00045262
183850	0.000455247
183900	0.000455786
183950	0.000455076
184000	0.00045409
184050	0.000452712
184100	0.000452917
184150	0.0004535
184200	0.000453219
184250	0.000456408
184300	0.000453773
184350	0.000456728
184400	0.000456827
184450	0.000456551
184500	0.000455143
184550	0.000453347
184600	0.000454874
184650	0.000454636
184700	0.000457512
184750	0.000457579
184800	0.000454596
184850	0.000463536
184900	0.00045515
184950	0.000455614
185000	0.000456592
185050	0.000455327
185100	0.000456156
185150	0.000455823
185200	0.000455677
185250	0.000458997
185300	0.000462
185350	0.000458426
185400	0.000461404
185450	0.000458483
185500	0.000456535
185550	0.000461293
185600	0.000456986
185650	0.000459834
185700	0.000457534
185750	0.000460001
185800	0.000460756
185850	0.000457437
185900	0.000461146
185950	0.000457448
186000	0.000459241
186050	0.000460447
186100	0.00046102
186150	0.000459799
186200	0.00046228
186250	0.000464705
186300	0.000459087
186350	0.000460592
186400	0.000459546
186450	0.000458747
186500	0.000459964
186550	0.000459011
186600	0.000460555
186650	0.000460701
186700	0.000463518
186750	0.000460315
186800	0.000460018
186850	0.000464135
186900	0.00046409
186950	0.000459605
187000	0.000460952
187050	0.000464243
187100	0.000461418
187150	0.000464259
187200	0.00046232
187250	0.000460532
187300	0.000461373
187350	0.000460809
187400	0.000461943
187450	0.000461559
187500	0.000465427
187550	0.000469947
187600	0.000467422
187650	0.000469831
187700	0.000468097
187750	0.000473882
187800	0.000469429
187850	0.000463564
187900	0.000463248
187950	0.000465896
188000	0.000465995
188050	0.000467316
188100	0.000470613
188150	0.000465525
188200	0.000473281
188250	0.000467036
188300	0.000466203
188350	0.000467115
188400	0.000477246
188450	0.0004704
188500	0.00046744
188550	0.000467373
188600	0.000466166
188650	0.000463855
188700	0.000465031
188750	0.000468021
188800	0.000468115
188850	0.00046517
188900	0.000466265
188950	0.000472008
189000	0.000467732
189050	0.00046765
189100	0.000466386
189150	0.000470195
189200	0.000466911
189250	0.000466781
189300	0.000470229
189350	0.000469807
189400	0.000467152
189450	0.000466562
189500	0.000467826
189550	0.000470842
189600	0.000467281
189650	0.000466015
189700	0.000471632
189750	0.000470356
189800	0.00046702
189850	0.000469197
189900	0.000473496
189950	0.000467846
190000	0.000469151
190050	0.00046981
190100	0.000471468
190150	0.000468562
190200	0.000468239
190250	0.00047008
190300	0.000467471
190350	0.000472261
190400	0.000470565
190450	0.000474527
190500	0.000471061
190550	0.000469464
190600	0.000470343
190650	0.000476671
190700	0.000470271
190750	0.000469896
190800	0.000470599
190850	0.000472947
190900	0.000474923
190950	0.000471331
191000	0.000471931
191050	0.000471087
191100	0.00047082
191150	0.000473539
191200	0.000473071
191250	0.000477275
191300	0.000471307
191350	0.000475365
191400	0.000472305
191450	0.00047127
191500	0.000473463
191550	0.000472288
191600	0.000473147
191650	0.00047153
191700	0.000472424
191750	0.000472325
191800	0.000473338
191850	0.000475818
191900	0.000473237
191950	0.000473494
192000	0.000475539
192050	0.000473462
192100	0.000474535
192150	0.000474874
192200	0.000473136
192250	0.000473309
192300	0.000476973
192350	0.000473204
192400	0.000473473
192450	0.000477988
192500	0.000475633
192550	0.000475061
192600	0.000474862
192650	0.000474648
192700	0.000476175
192750	0.000483712
192800	0.000474863
192850	0.000479095
192900	0.000476986
192950	0.000474856
193000	0.000477324
193050	0.000476124
193100	0.000477119
193150	0.000475137
193200	0.000482604
193250	0.000479878
193300	0.000475984
193350	0.000474975
193400	0.000483211
193450	0.000477515
193500	0.000478052
193550	0.000480784
193600	0.000478467
193650	0.000478014
193700	0.000480264
193750	0.000477811
193800	0.000479104
193850	0.000478905
193900	0.000480025
193950	0.000481377
194000	0.000479524
194050	0.00047808
194100	0.00048155
194150	0.00048609
194200	0.000479288
194250	0.000478979
194300	0.000480218
194350	0.000479036
194400	0.000479001
194450	0.000478779
194500	0.000482016
194550	0.000484639
194600	0.000492335
194650	0.000484429
194700	0.000488905
194750	0.000487145
194800	0.000485528
194850	0.000483971
194900	0.00048563
194950	0.000493776
195000	0.000483654
195050	0.000484212
195100	0.000480636
195150	0.000480486
195200	0.000482362
195250	0.00048231
195300	0.000484455
195350	0.000482249
195400	0.000483388
195450	0.000492076
195500	0.000484496
195550	0.00048808
195600	0.000485727
195650	0.000481733
195700	0.000483263
195750	0.000482896
195800	0.000487311
195850	0.000483577
195900	0.000486461
195950	0.00048783
196000	0.000485051
196050	0.000483948
196100	0.000485014
196150	0.000491546
196200	0.000486213
196250	0.0004847
196300	0.000486329
196350	0.000484742
196400	0.000486871
196450	0.000486099
196500	0.000486602
196550	0.00048425
196600	0.00049043
196650	0.000488903
196700	0.000485144
196750	0.000488701
196800	0.000489562
196850	0.000486448
196900	0.000486475
196950	0.000488647
197000	0.000487894
197050	0.000489426
197100	0.000487624
197150	0.000487118
197200	0.000487105
197250	0.00048972
197300	0.000494168
197350	0.000491296
197400	0.000489362
197450	0.000489068
197500	0.00048996
197550	0.000489452
197600	0.000489482
197650	0.000488495
197700	0.000489026
197750	0.000487559
197800	0.000488796
197850	0.000489511
197900	0.000491935
197950	0.000488306
198000	0.000490847
198050	0.000493899
198100	0.000489609
198150	0.000490663
198200	0.000490864
198250	0.000489061
198300	0.000489876
198350	0.000493675
198400	0.000490729
198450	0.000489901
198500	0.000492078
198550	0.000491782
198600	0.000491275
198650	0.000491273
198700	0.000493989
198750	0.000494905
198800	0.000496088
198850	0.000490723
198900	0.000493138
198950	0.000491296
199000	0.000493005
199050	0.000493861
199100	0.000494876
199150	0.000492347
199200	0.000497591
199250	0.000497582
199300	0.000494314
199350	0.000495227
199400	0.000498174
199450	0.000492701
199500	0.00049413
199550	0.000495139
199600	0.000494853
199650	0.000492604
199700	0.000493694
199750	0.000495974
199800	0.000496461
199850	0.00049691
199900	0.000497513
199950	0.000495551
200000	0.000495653
200050	0.000496749
200100	0.000499147
200150	0.000494395
200200	0.000499768
200250	0.000495086
200300	0.000494996
200350	0.000497115
200400	0.000496807
200450	0.000495286
200500	0.000497252
200550	0.000496613
200600	0.000501027
200650	0.000498118
200700	0.000496843
200750	0.000496879
200800	0.000496425
200850	0.000495806
200900	0.000497835
200950	0.000496913
201000	0.000501594
201050	0.000504842
201100	0.000503448
201150	0.000501244
201200	0.000503669
201250	0.000510701
201300	0.000500085
201350	0.000505283
201400	0.00049994
201450	0.000498779
201500	0.000500314
201550	0.000498857
201600	0.000501712
201650	0.000500449
201700	0.000503977
201750	0.000503556
201800	0.000500329
201850	0.000505533
201900	0.000503484
201950	0.000500516
202000	0.000501175
202050	0.000503913
202100	0.00049959
202150	0.000502615
202200	0.000500333
202250	0.000498408
202300	0.000506548
202350	0.000500483
202400	0.00050373
202450	0.000502057
202500	0.000502242
202550	0.000502019
202600	0.000504622
202650	0.000502154
202700	0.000501977
202750	0.000502431
202800	0.000502578
202850	0.000501119
202900	0.000506467
202950	0.000500021
203000	0.000503976
203050	0.000505068
203100	0.000504343
203150	0.00050328
203200	0.000500771
203250	0.000503174
203300	0.000504523
203350	0.000502376
203400	0.000503637
203450	0.000506998
203500	0.000505914
203550	0.000503891
203600	0.000504918
203650	0.000506846
203700	0.000505815
203750	0.00050596
203800	0.000508226
203850	0.000505483
203900	0.00050475
203950	0.000508659
204000	0.000506412
204050	0.000504658
204100	0.000509426
204150	0.000508916
204200	0.000505617
204250	0.000506525
204300	0.000509172
204350	0.000506593
204400	0.000514525
204450	0.000506417
204500	0.000507478
204550	0.000506157
204600	0.000507866
204650	0.000506007
204700	0.000509179
204750	0.000511503
204800	0.000507921
204850	0.000512636
204900	0.000512556
204950	0.000507491
205000	0.00050886
205050	0.000509725
205100	0.00051168
205150	0.000508521
205200	0.00050915
205250	0.00050808
205300	0.00050994
205350	0.000510356
205400	0.000509838
205450	0.000509268
205500	0.000511169
205550	0.000509441
205600	0.000509503
205650	0.000509977
205700	0.000509805
205750	0.000508836
205800	0.000513952
205850	0.000511797
205900	0.000512071
205950	0.000512063
206000	0.000510881
206050	0.000513357
206100	0.000513332
206150	0.000511468
206200	0.000512766
206250	0.000514856
206300	0.00051188
206350	0.000511543
206400	0.000511386
206450	0.000514673
206500	0.000512758
206550	0.000514726
206600	0.00051293
206650	0.000513451
206700	0.000516857
206750	0.00051338
206800	0.00051542
206850	0.000512234
206900	0.000513156
206950	0.000512172
207000	0.000513949
207050	0.000516028
207100	0.000517162
207150	0.000512974
207200	0.00052155
207250	0.000525075
207300	0.000521557
207350	0.000518251
207400	0.0005186
207450	0.000519351
207500	0.000518768
207550	0.000517664
207600	0.000514864
207650	0.000521231
207700	0.000514088
207750	0.000515115
207800	0.000519304
207850	0.000518759
207900	0.00051579
207950	0.000519086
208000	0.000517471
208050	0.000516476
208100	0.000521541
208150	0.000515718
208200	0.000520391
208250	0.000518094
208300	0.000518492
208350	0.000516352
208400	0.000523766
208450	0.000516416
208500	0.000517915
208550	0.000521702
208600	0.000519821
208650	0.000515892
208700	0.000520216
208750	0.000517258
208800	0.000520709
208850	0.000519227
208900	0.000518247
208950	0.000520837
209000	0.000519324
209050	0.000518426
209100	0.000521562
209150	0.000522607
209200	0.000519143
209250	0.000518753
209300	0.00052279
209350	0.000518401
209400	0.000519885
209450	0.00051923
209500	0.00052218
209550	0.000522263
209600	0.000521101
209650	0.000522959
209700	0.000520153
209750	0.000519471
209800	0.000520649
209850	0.000520008
209900	0.000523732
209950	0.000522205
210000	0.00052172
210050	0.000524208
210100	0.000523042
210150	0.000524325
210200	0.000522966
210250	0.000522633
210300	0.000523822
210350	0.000522474
210400	0.000522758
210450	0.000524311
210500	0.000523493
210550	0.000528165
210600	0.00052363
210650	0.000523813
210700	0.000525897
210750	0.000523013
210800	0.000526464
210850	0.000523625
210900	0.000526404
210950	0.000523613
211000	0.000525099
211050	0.000524583
211100	0.000529143
211150	0.000523521
211200	0.000526582
211250	0.000524831
211300	0.000525547
211350	0.000524316
211400	0.000528722
211450	0.000523001
211500	0.000526811
211550	0.000525581
211600	0.000524837
211650	0.000528738
211700	0.000526018
211750	0.00052905
211800	0.000529362
211850	0.000528633
211900	0.000525446
211950	0.000528843
212000	0.000527431
212050	0.000525428
212100	0.000528695
212150	0.000529019
212200	0.000531091
212250	0.000526969
212300	0.000530694
212350	0.000530625
212400	0.000527834
212450	0.000530229
212500	0.000528702
212550	0.000531571
212600	0.000529001
212650	0.000527927
212700	0.000528426
212750	0.000533999
212800	0.000527758
212850	0.000530286
212900	0.000528947
212950	0.000529253
213000	0.000530227
213050	0.000530407
213100	0.000530035
213150	0.000533832
213200	0.000539791
213250	0.000539439
213300	0.000533891
213350	0.000535699
213400	0.000539509
213450	0.00053771
213500	0.000534591
213550	0.000533177
213600	0.000531544
213650	0.000529857
213700	0.000534947
213750	0.000528914
213800	0.0005359
213850	0.000537442
213900	0.000532105
213950	0.000532362
214000	0.000533976
214050	0.0005316
214100	0.000533909
214150	0.000542257
214200	0.000532634
214250	0.000532722
214300	0.000536165
214350	0.000534008
214400	0.000534479
214450	0.000532811
214500	0.000534337
214550	0.000539701
214600	0.000536034
214650	0.00053199
214700	0.000534929
214750	0.000534025
214800	0.00053389
214850	0.000532939
214900	0.000534612
214950	0.000535807
215000	0.000536212
215050	0.000539439
215100	0.000538921
215150	0.00053383
215200	0.000535502
215250	0.000534168
215300	0.000536163
215350	0.000534292
215400	0.000538847
215450	0.000538802
215500	0.000537055
215550	0.000541388
215600	0.000539719
215650	0.000534928
215700	0.000536708
215750	0.000542803
215800	0.000536228
215850	0.000536234
215900	0.000537752
215950	0.000537935
216000	0.000538329
216050	0.000540774
216100	0.000539475
216150	0.000542578
216200	0.000538383
216250	0.000537857
216300	0.000538761
216350	0.000537974
216400	0.000539623
216450	0.000537655
216500	0.000540276
216550	0.000538195
216600	0.000539813
216650	0.00054372
216700	0.000540131
216750	0.000540178
216800	0.000538332
216850	0.000542227
216900	0.000540065
216950	0.000539956
217000	0.000541316
217050	0.000538875
217100	0.000543847
217150	0.000542938
217200	0.000540911
217250	0.000539464
217300	0.000543084
217350	0.000544386
217400	0.000541367
217450	0.000544279
217500	0.00054179
217550	0.000543295
217600	0.000544539
217650	0.000541276
217700	0.000544762
217750	0.000544954
217800	0.000542286
217850	0.00054221
217900	0.000547062
217950	0.00053984
218000	0.000543616
218050	0.000542811
218100	0.00054468
218150	0.000542136
218200	0.000545925
218250	0.000542862
218300	0.000544059
218350	0.000544437
218400	0.000542865
218450	0.000543415
218500	0.000545119
218550	0.000545913
218600	0.000544173
218650	0.000546695
218700	0.000546215
218750	0.000545784
218800	0.000546292
218850	0.000558268
218900	0.000553343
218950	0.000549985
219000	0.000549414
219050	0.000547022
219100	0.000552053
219150	0.000548414
219200	0.000549232
219250	0.000547793
219300	0.00055202
219350	0.000544428
219400	0.000547098
219450	0.000546494
219500	0.000548006
219550	0.000546165
219600	0.000555024
219650	0.000548254
219700	0.000550411
219750	0.000552117
219800	0.000547767
219850	0.00054758
219900	0.000550617
219950	0.000547288
220000	0.00054906
220050	0.000548599
220100	0.000548121
220150	0.000549208
220200	0.000556344
220250	0.000547479
220300	0.000549371
220350	0.000551514
220400	0.000552014
220450	0.000550636
220500	0.00054945
220550	0.000548411
220600	0.000553205
220650	0.000555173
220700	0.000551467
220750	0.000549619
220800	0.000554352
220850	0.000547662
220900	0.000550352
220950	0.000549037
221000	0.000551608
221050	0.000552722
221100	0.000551395
221150	0.000555101
221200	0.000550232
221250	0.000553745
221300	0.00055241
221350	0.000550642
221400	0.000551718
221450	0.000550332
221500	0.000553053
221550	0.00055103
221600	0.000558198
221650	0.000550238
221700	0.000557662
221750	0.000552854
221800	0.000553208
221850	0.000551375
221900	0.000555964
221950	0.000554984
222000	0.000553456
222050	0.000554594
222100	0.000556575
222150	0.000555068
222200	0.000556772
222250	0.00055481
222300	0.000557921
222350	0.000557819
222400	0.00055489
222450	0.000553675
222500	0.000555391
222550	0.000556374
222600	0.00055754
222650	0.000556663
222700	0.000555181
222750	0.000557504
222800	0.000555337
222850	0.000554571
222900	0.000555645
222950	0.000553766
223000	0.000557227
223050	0.0005581
223100	0.000555617
223150	0.000558588
223200	0.000560066
223250	0.00055597
223300	0.000557163
223350	0.000555888
223400	0.000559371
223450	0.000558788
223500	0.000557824
223550	0.000558128
223600	0.000558927
223650	0.000559047
223700	0.000558202
223750	0.000560291
223800	0.000561077
223850	0.000556913
223900	0.000558507
223950	0.000560353
224000	0.000559372
224050	0.000557623
224100	0.000561573
224150	0.00055827
224200	0.000559548
224250	0.000559749
224300	0.000561969
224350	0.000569701
224400	0.000569297
224450	0.000565336
224500	0.000564939
224550	0.000558672
224600	0.000560155
224650	0.000561777
224700	0.000568513
224750	0.000560664
224800	0.000560845
224850	0.000563754
224900	0.000563909
224950	0.000561001
225000	0.000561853
225050	0.000568319
225100	0.000562489
225150	0.000562558
225200	0.000561656
225250	0.000565845
225300	0.000563783
225350	0.000568509
225400	0.000561702
225450	0.00056064
225500	0.000563292
225550	0.000565985
225600	0.000567972
225650	0.000561363
225700	0.000562502
225750	0.000565758
225800	0.000566879
225850	0.000564294
225900	0.000564966
225950	0.000562706
226000	0.000564695
226050	0.000564632
226100	0.000565074
226150	0.000567952
226200	0.000564602
226250	0.000569489
226300	0.000567472
226350	0.000566483
226400	0.000569003
226450	0.000563434
226500	0.000565969
226550	0.000566408
226600	0.000568237
226650	0.000566579
226700	0.000568348
226750	0.000568772
226800	0.000566526
226850	0.00056461
226900	0.000566669
226950	0.00056564
227000	0.000567249
227050	0.000568359
227100	0.000567124
227150	0.000565728
227200	0.000570349
227250	0.000568618
227300	0.000567585
227350	0.000566666
227400	0.000568045
227450	0.000570391
227500	0.000568693
227550	0.000571605
227600	0.000567015
227650	0.000569981
227700	0.000573753
227750	0.000567269
227800	0.000568774
227850	0.000572192
227900	0.000568113
227950	0.000570467
228000	0.000569947
228050	0.000570257
228100	0.000574989
228150	0.00057246
228200	0.000570266
228250	0.000568597
228300	0.000570491
228350	0.000569481
228400	0.000569851
228450	0.000572553
228500	0.000571993
228550	0.000568964
228600	0.000574212
228650	0.000569567
228700	0.000569656
228750	0.00057078
228800	0.000571278
228850	0.000573944
228900	0.000571407
228950	0.000573456
229000	0.000572348
229050	0.000574334
229100	0.000574603
229150	0.00057103
229200	0.000571832
229250	0.000575824
229300	0.000571995
229350	0.000575318
229400	0.000576345
229450	0.000571573
229500	0.000573398
229550	0.000575629
229600	0.000578414
229650	0.000582875
229700	0.00058003
229750	0.000578439
229800	0.000577572
229850	0.000583843
229900	0.00058259
229950	0.00057752
230000	0.000578714
230050	0.000579544
230100	0.000579363
230150	0.000578502
230200	0.000582049
230250	0.000587377
230300	0.000578648
230350	0.000587658
230400	0.000584535
230450	0.000576503
230500	0.000578392
230550	0.000574562
230600	0.000581751
230650	0.000578252
230700	0.000580482
230750	0.000575668
230800	0.000579933
230850	0.000579904
230900	0.000578707
230950	0.000578193
231000	0.000578824
231050	0.000576135
231100	0.000576821
231150	0.000576004
231200	0.000580982
231250	0.000575881
231300	0.00058093
231350	0.000577586
231400	0.000582966
231450	0.0005762
231500	0.00057931
231550	0.000577861
231600	0.000578711
231650	0.00058293
231700	0.000579971
231750	0.000582588
231800	0.000579626
231850	0.00058293
231900	0.000582637
231950	0.00057693
232000	0.000580632
232050	0.000580679
232100	0.000581003
232150	0.000582259
232200	0.000577677
232250	0.000580202
232300	0.000582127
232350	0.000576665
232400	0.000580844
232450	0.000583354
232500	0.000582064
232550	0.000581825
232600	0.00058287
232650	0.000581916
232700	0.000582151
232750	0.000587192
232800	0.000583375
232850	0.000579828
232900	0.000582252
232950	0.000586725
233000	0.000582664
233050	0.000581673
233100	0.000588664
233150	0.000581924
233200	0.000584531
233250	0.000593393
233300	0.000581225
233350	0.000582466
233400	0.000583605
233450	0.000583351
233500	0.000585134
233550	0.000583542
233600	0.000585513
233650	0.00058148
233700	0.000586539
233750	0.00058338
233800	0.000584435
233850	0.000583517
233900	0.000587507
233950	0.000583301
234000	0.000586023
234050	0.000582262
234100	0.000592195
234150	0.000587697
234200	0.00058761
234250	0.000584837
234300	0.000591585
234350	0.000585301
234400	0.000588775
234450	0.000585821
234500	0.000586462
234550	0.000589553
234600	0.000587214
234650	0.000588996
234700	0.000585924
234750	0.000586458
234800	0.000587753
234850	0.000589146
234900	0.000587089
234950	0.000589719
235000	0.00059155
235050	0.000592172
235100	0.000594342
235150	0.000591585
235200	0.00059836
235250	0.000592993
235300	0.000592143
235350	0.000596366
235400	0.000588692
235450	0.000587576
235500	0.000595831
235550	0.000593779
235600	0.000594135
235650	0.000593726
235700	0.000592723
235750	0.000592266
235800	0.000594281
235850	0.000588606
235900	0.000588921
235950	0.000592946
236000	0.000592513
236050	0.000591038
236100	0.000593614
236150	0.000593516
236200	0.000590564
236250	0.000592372
236300	0.000595472
236350	0.000593301
236400	0.000594493
236450	0.000593649
236500	0.000592474
236550	0.000596974
236600	0.000592112
236650	0.000593297
236700	0.000593863
236750	0.000591718
236800	0.000595527
236850	0.000590787
236900	0.00059746
236950	0.000592666
237000	0.000594453
237050	0.000595742
237100	0.000593324
237150	0.000594361
237200	0.000594508
237250	0.000594873
237300	0.00059356
237350	0.00059343
237400	0.000592816
237450	0.000602084
237500	0.0005952
237550	0.000596059
237600	0.00059731
237650	0.000594936
237700	0.000597752
237750	0.000596864
237800	0.000597796
237850	0.000594071
237900	0.000597538
237950	0.000596998
238000	0.000595989
238050	0.00059478
238100	0.000599768
238150	0.000593233
238200	0.000595848
238250	0.000595353
238300	0.000597364
238350	0.000597077
238400	0.00059967
238450	0.000598164
238500	0.000597978
238550	0.000596521
238600	0.000597391
238650	0.000599897
238700	0.000597276
238750	0.000602147
238800	0.00059787
238850	0.000602681
238900	0.000598732
238950	0.000596627
239000	0.000599501
239050	0.000601558
239100	0.000601874
239150	0.000598608
239200	0.00060134
239250	0.000598563
239300	0.000603715
239350	0.000596148
239400	0.000598909
239450	0.000598906
239500	0.000600111
239550	0.000598773
239600	0.000603064
239650	0.000599099
239700	0.000601914
239750	0.000601715
239800	0.000603589
239850	0.000600788
239900	0.00059949
239950	0.000604492
240000	0.000602732
240050	0.000600491
240100	0.000605394
240150	0.000600277
240200	0.000601179
240250	0.000606295
240300	0.000600375
240350	0.00060045
240400	0.000602203
240450	0.000603415
240500	0.000607216
240550	0.000603514
240600	0.000610235
240650	0.000611491
240700	0.000606632
240750	0.000605315
240800	0.000604491
240850	0.000602718
240900	0.000609501
240950	0.000602039
241000	0.000605452
241050	0.00061105
241100	0.00060468
241150	0.000606773
241200	0.000606892
241250	0.000608092
241300	0.000605992
241350	0.000609761
241400	0.000603769
241450	0.000604039
241500	0.000605496
241550	0.000603753
241600	0.000607533
241650	0.000606669
241700	0.000607283
241750	0.000609291
241800	0.000605808
241850	0.000604176
241900	0.000608982
241950	0.000603519
242000	0.000606469
242050	0.000605258
242100	0.000610419
242150	0.000609878
242200	0.000606487
242250	0.000610237
242300	0.00060673
242350	0.000608014
242400	0.000607733
242450	0.000608936
242500	0.000608683
242550	0.000611919
242600	0.000610053
242650	0.000605509
242700	0.000607727
242750	0.000606759
242800	0.000607039
242850	0.000607817
242900	0.000607575
242950	0.000609969
243000	0.000610428
243050	0.000607967
243100	0.000610703
243150	0.000610493
243200	0.000609131
243250	0.000607577
243300	0.00061242
243350	0.000611701
243400	0.000610088
243450	0.000610676
243500	0.000610636
243550	0.000608905
243600	0.000614652
243650	0.000608847
243700	0.000609809
243750	0.000610815
243800	0.000613855
243850	0.000612254
243900	0.00061045
243950	0.000613109
244000	0.000612127
244050	0.00061119
244100	0.000611796
244150	0.000611559
244200	0.000620499
244250	0.000614775
244300	0.000614785
244350	0.000612646
244400	0.000615475
244450	0.00061746
244500	0.000612795
244550	0.000617736
244600	0.000612351
244650	0.000618132
244700	0.000614232
244750	0.000609823
244800	0.000613619
244850	0.000612313
244900	0.000617803
244950	0.00061201
245000	0.00061481
245050	0.000616488
245100	0.000614002
245150	0.000613492
245200	0.00061855
245250	0.000613322
245300	0.000614908
245350	0.000615982
245400	0.000619923
245450	0.000614092
245500	0.00061613
245550	0.000628321
245600	0.000624601
245650	0.000623172
245700	0.00061998
245750	0.000625075
245800	0.000624887
245850	0.000622924
245900	0.000629308
245950	0.000622312
246000	0.000618524
246050	0.00061828
246100	0.000618596
246150	0.000615679
246200	0.000621518
246250	0.00062124
246300	0.000622057
246350	0.000620639
246400	0.000617647
246450	0.000617509
246500	0.000618989
246550	0.000616954
246600	0.000624023
246650	0.000616722
246700	0.00062206
246750	0.000622315
246800	0.000617173
246850	0.000617124
246900	0.000622167
246950	0.000618736
247000	0.000619858
247050	0.000621924
247100	0.000622733
247150	0.00061782
247200	0.000624038
247250	0.000618556
247300	0.000621233
247350	0.000618606
247400	0.000625772
247450	0.000623277
247500	0.000621711
247550	0.000624065
247600	0.000621368
247650	0.000624056
247700	0.000628633
247750	0.000619626
247800	0.000623301
247850	0.000621526
247900	0.000626364
247950	0.000622273
248000	0.0006228
248050	0.000621339
248100	0.000622485
248150	0.000623447
248200	0.000624447
248250	0.000622448
248300	0.000626805
248350	0.000621871
248400	0.000626705
248450	0.000622358
248500	0.000623677
248550	0.000624266
248600	0.000633208
248650	0.000621243
248700	0.000627098
248750	0.000623668
248800	0.000624192
248850	0.000621819
248900	0.000624906
248950	0.000622785
249000	0.000624888
249050	0.000632518
249100	0.000627269
249150	0.000624122
249200	0.000632608
249250	0.000624417
249300	0.00062645
249350	0.000623419
249400	0.000627821
249450	0.000628579
249500	0.000626813
249550	0.000630981
249600	0.000626382
249650	0.000624389
249700	0.000629223
249750	0.000626105
249800	0.000630224
249850	0.000628914
249900	0.000628638
249950	0.000626064
250000	0.000627881
250050	0.000625922
250100	0.000628002
250150	0.000628798
250200	0.0006277
250250	0.00062808
250300	0.000630455
250350	0.000629554
250400	0.000628303
250450	0.000626494
250500	0.000631171
