100	0.000005
200	0.000011
300	0.000018
400	0.000026
500	0.000035
600	0.000047
700	0.000059
800	0.000071
900	0.000086
1000	0.000101
1100	0.000116
1200	0.000133
1300	0.000148
1400	0.000168
1500	0.000188
1600	0.000207
1700	0.000229
1800	0.000252
1900	0.000275
2000	0.000297
2100	0.000327
2200	0.000348
2300	0.000375
2400	0.000406
2500	0.000433
2600	0.000460
2700	0.000494
2800	0.000518
2900	0.000554
3000	0.000593
3100	0.000630
3200	0.000666
3300	0.000695
3400	0.000731
3500	0.000777
3600	0.000810
3700	0.000850
3800	0.000897
3900	0.000937
4000	0.000985
4100	0.001021
4200	0.001073
4300	0.001106
4400	0.001155
4500	0.001213
4600	0.001243
4700	0.001298
4800	0.001345
4900	0.001409
5000	0.001450
5100	0.001503
5200	0.001556
5300	0.001613
5400	0.001676
5500	0.001729
5600	0.001787
5700	0.001843
5800	0.001908
5900	0.001984
6000	0.002027
6100	0.002105
6200	0.002158
6300	0.002226
6400	0.002302
6500	0.002365
6600	0.002424
6700	0.002517
6800	0.002571
6900	0.002634
7000	0.002747
7100	0.002797
7200	0.002869
7300	0.002936
7400	0.003033
7500	0.003095
7600	0.003188
7700	0.003240
7800	0.003354
7900	0.003436
8000	0.003485
8100	0.003581
8200	0.003706
8300	0.003770
8400	0.003911
8500	0.003972
8600	0.004112
8700	0.004145
8800	0.004267
8900	0.004362
9000	0.004487
9100	0.004569
9200	0.004718
9300	0.004821
9400	0.004944
9500	0.005036
9600	0.005149
9700	0.005229
9800	0.005334
9900	0.005444
10000	0.005579
