100000	0.054177
200000	0.077178
300000	0.103959
400000	0.118339
500000	0.132891
600000	0.168263
700000	0.181507
800000	0.195220
900000	0.210680
1000000	0.225755
1100000	0.276691
1200000	0.290900
1300000	0.304959
1400000	0.319793
1500000	0.333512
1600000	0.347743
1700000	0.362734
1800000	0.376748
1900000	0.390658
2000000	0.405906
2100000	0.495335
2200000	0.509424
2300000	0.522999
2400000	0.537353
2500000	0.551580
2600000	0.565399
2700000	0.579263
2800000	0.592828
2900000	0.606736
3000000	0.621382
3100000	0.635265
3200000	0.648918
3300000	0.663107
3400000	0.678342
3500000	0.693418
3600000	0.708516
3700000	0.723560
3800000	0.738510
3900000	0.753498
4000000	0.768537
4100000	0.783475
4200000	0.992521
4300000	1.007169
4400000	1.021730
4500000	1.036450
4600000	1.051310
4700000	1.067527
4800000	1.083172
4900000	1.099133
5000000	1.114433
5100000	1.129427
5200000	1.144379
5300000	1.159455
5400000	1.174417
5500000	1.189332
5600000	1.204684
5700000	1.219703
5800000	1.234751
5900000	1.249552
6000000	1.264565
6100000	1.279500
6200000	1.294400
6300000	1.309305
6400000	1.324183
6500000	1.339018
6600000	1.354015
6700000	1.369030
6800000	1.383902
6900000	1.398890
7000000	1.415020
7100000	1.430959
7200000	1.446617
7300000	1.461866
7400000	1.477613
7500000	1.492717
7600000	1.507831
7700000	1.522911
7800000	1.537819
7900000	1.552751
8000000	1.567700
8100000	1.582490
8200000	1.597505
8300000	1.615672
8400000	2.126356
8500000	2.144918
8600000	2.163560
8700000	2.182167
8800000	2.200652
8900000	2.219155
9000000	2.237787
9100000	2.257091
9200000	2.276846
9300000	2.295702
9400000	2.314581
9500000	2.333210
9600000	2.351973
9700000	2.370736
9800000	2.389511
9900000	2.408497
10000000	2.427285
