200000	0.078407
400000	0.124064
600000	0.177252
800000	0.210049
1000000	0.243137
1200000	0.312748
1400000	0.344879
1600000	0.376639
1800000	0.409499
2000000	0.442217
2200000	0.549347
2400000	0.582638
2600000	0.616283
2800000	0.650098
3000000	0.682923
3200000	0.715423
3400000	0.748896
3600000	0.781537
3800000	0.814404
4000000	0.846700
4200000	1.051832
4400000	1.086163
4600000	1.121905
4800000	1.158032
5000000	1.194989
5200000	1.229726
5400000	1.263945
5600000	1.298116
5800000	1.332064
6000000	1.365981
6200000	1.400294
6400000	1.434338
6600000	1.468331
6800000	1.502385
7000000	1.536306
7200000	1.570294
7400000	1.604637
7600000	1.638608
7800000	1.672566
8000000	1.706682
8200000	1.740556
8400000	2.233740
8600000	2.270164
8800000	2.306805
9000000	2.343791
9200000	2.380781
9400000	2.418414
9600000	2.455602
9800000	2.492759
10000000	2.529832
10200000	2.566979
10400000	2.604498
10600000	2.641804
10800000	2.679026
11000000	2.716162
11200000	2.753150
11400000	2.790139
11600000	2.827282
11800000	2.864305
12000000	2.901432
12200000	2.938306
12400000	2.975351
12600000	3.012575
12800000	3.049499
13000000	3.086454
13200000	3.123318
13400000	3.160231
13600000	3.197282
13800000	3.234155
14000000	3.271137
14200000	3.308106
14400000	3.345423
14600000	3.382319
14800000	3.419355
15000000	3.456330
15200000	3.493452
15400000	3.530550
15600000	3.567624
15800000	3.604990
16000000	3.642245
16200000	3.679151
16400000	3.716019
16600000	3.752993
16800000	4.816625
17000000	4.852792
17200000	4.889681
17400000	4.926591
17600000	4.963545
17800000	5.000525
18000000	5.037485
18200000	5.074802
18400000	5.111693
18600000	5.148688
18800000	5.185578
19000000	5.222440
19200000	5.259504
19400000	5.296466
19600000	5.333807
19800000	5.370859
20000000	5.408467
