100	0.000004
200	0.000008
300	0.000013
400	0.000018
500	0.000024
600	0.000030
700	0.000036
800	0.000043
900	0.000051
1000	0.000059
1100	0.000068
1200	0.000077
1300	0.000086
1400	0.000097
1500	0.000107
1600	0.000117
1700	0.000128
1800	0.000140
1900	0.000153
2000	0.000167
2100	0.000179
2200	0.000192
2300	0.000208
2400	0.000220
2500	0.000239
2600	0.000254
2700	0.000270
2800	0.000287
2900	0.000301
3000	0.000321
3100	0.000335
3200	0.000361
3300	0.000375
3400	0.000393
3500	0.000415
3600	0.000437
3700	0.000458
3800	0.000477
3900	0.000506
4000	0.000521
4100	0.000552
4200	0.000574
4300	0.000598
4400	0.000620
4500	0.000651
4600	0.000672
4700	0.000698
4800	0.000723
4900	0.000758
5000	0.000782
5100	0.000794
5200	0.000840
5300	0.000857
5400	0.000893
5500	0.000922
5600	0.000965
5700	0.000975
5800	0.001018
5900	0.001044
6000	0.001079
6100	0.001114
6200	0.001156
6300	0.001183
6400	0.001225
6500	0.001248
6600	0.001289
6700	0.001319
6800	0.001359
6900	0.001397
7000	0.001437
7100	0.001484
7200	0.001507
7300	0.001568
7400	0.001583
7500	0.001634
7600	0.001679
7700	0.001740
7800	0.001758
7900	0.001792
8000	0.001842
8100	0.001871
8200	0.001923
8300	0.001977
8400	0.002012
8500	0.002071
8600	0.002081
8700	0.002161
8800	0.002190
8900	0.002255
9000	0.002307
9100	0.002338
9200	0.002406
9300	0.002459
9400	0.002485
9500	0.002511
9600	0.002553
9700	0.002628
9800	0.002683
9900	0.002747
10000	0.002791
