200000	0.334171
400000	0.659789
600000	0.995084
800000	1.317395
1000000	1.632149
1200000	1.986397
1400000	2.301835
1600000	2.620374
1800000	2.935357
2000000	3.250912
2200000	3.641552
2400000	3.955242
2600000	4.270918
2800000	4.585322
3000000	4.899982
3200000	5.214901
3400000	5.529346
3600000	5.843012
3800000	6.158122
4000000	6.471270
4200000	6.940755
4400000	7.256567
4600000	7.569406
4800000	7.883425
5000000	8.200350
5200000	8.515786
5400000	8.829706
5600000	9.143882
5800000	9.457313
6000000	9.771145
6200000	10.085193
6400000	10.399720
6600000	10.713369
6800000	11.028774
7000000	11.342255
7200000	11.655203
7400000	11.969200
7600000	12.283202
7800000	12.600894
8000000	12.914158
8200000	13.228156
8400000	13.845337
8600000	14.158963
8800000	14.472223
9000000	14.787743
9200000	15.104806
9400000	15.420489
9600000	15.736292
9800000	16.052375
10000000	16.369255
10200000	16.685928
10400000	17.002429
10600000	17.318871
10800000	17.634957
11000000	17.951757
11200000	18.268371
11400000	18.584060
11600000	18.899861
11800000	19.219096
12000000	19.535913
12200000	19.852076
12400000	20.168622
12600000	20.482313
12800000	20.795796
13000000	21.110288
13200000	21.427176
13400000	21.743897
13600000	22.061359
13800000	22.377707
14000000	22.692642
14200000	23.010212
14400000	23.326603
14600000	23.646387
14800000	23.962289
15000000	24.277798
15200000	24.594223
15400000	24.910191
15600000	25.226822
15800000	25.541469
16000000	25.857080
16200000	26.173271
16400000	26.488723
16600000	26.805127
16800000	27.768064
17000000	28.083691
17200000	28.396875
17400000	28.711553
17600000	29.029424
17800000	29.345529
18000000	29.661181
18200000	29.978053
18400000	30.297168
18600000	30.613403
18800000	30.931210
19000000	31.248991
19200000	31.564048
19400000	31.877165
19600000	32.190892
19800000	32.506690
20000000	32.822941
