100000	0.165721
200000	0.328233
300000	0.495275
400000	0.654474
500000	0.811941
600000	0.989159
700000	1.153408
800000	1.311697
900000	1.468550
1000000	1.625859
1100000	1.825498
1200000	1.983347
1300000	2.140353
1400000	2.297125
1500000	2.454898
1600000	2.611936
1700000	2.769085
1800000	2.929486
1900000	3.089343
2000000	3.245954
2100000	3.478906
2200000	3.635841
2300000	3.792524
2400000	3.950740
2500000	4.107282
2600000	4.266962
2700000	4.424236
2800000	4.580648
2900000	4.736979
3000000	4.895049
3100000	5.052282
3200000	5.211411
3300000	5.368866
3400000	5.525105
3500000	5.682458
3600000	5.840277
3700000	5.997316
3800000	6.154130
3900000	6.311395
4000000	6.468593
4100000	6.627467
4200000	6.949886
4300000	7.106253
4400000	7.267941
4500000	7.425167
4600000	7.581566
4700000	7.742235
4800000	7.901937
4900000	8.066273
5000000	8.227979
5100000	8.384424
5200000	8.541331
5300000	8.700676
5400000	8.859207
5500000	9.016003
5600000	9.174285
5700000	9.335601
5800000	9.503289
5900000	9.661429
6000000	9.817635
6100000	9.975558
6200000	10.132298
6300000	10.289918
6400000	10.446965
6500000	10.606664
6600000	10.764162
6700000	10.921829
6800000	11.078836
6900000	11.236248
7000000	11.393592
7100000	11.550725
7200000	11.711053
7300000	11.868393
7400000	12.025455
7500000	12.183211
7600000	12.341874
7700000	12.501473
7800000	12.660329
7900000	12.821907
8000000	12.979996
8100000	13.137737
8200000	13.296864
8300000	13.454341
8400000	13.939583
8500000	14.103955
8600000	14.261074
8700000	14.418101
8800000	14.578451
8900000	14.737037
9000000	14.895237
9100000	15.055627
9200000	15.215290
9300000	15.373438
9400000	15.532154
9500000	15.690165
9600000	15.849239
9700000	16.007576
9800000	16.165183
9900000	16.324453
10000000	16.483828
