100	0.000036
200	0.000079
300	0.000134
400	0.000190
500	0.000251
600	0.000329
700	0.000401
800	0.000487
900	0.000574
1000	0.000668
1100	0.000776
1200	0.000889
1300	0.001009
1400	0.001124
1500	0.001250
1600	0.001378
1700	0.001533
1800	0.001676
1900	0.001832
2000	0.001970
2100	0.002143
2200	0.002351
2300	0.002493
2400	0.002693
2500	0.002855
2600	0.003073
2700	0.003258
2800	0.003481
2900	0.003694
3000	0.003917
3100	0.004150
3200	0.004423
3300	0.004618
3400	0.004899
3500	0.005128
3600	0.005370
3700	0.005664
3800	0.005900
3900	0.006219
4000	0.006460
4100	0.006834
4200	0.007068
4300	0.007333
4400	0.007720
4500	0.007938
4600	0.008248
4700	0.008584
4800	0.009005
4900	0.009279
5000	0.009698
5100	0.010007
5200	0.010396
5300	0.010791
5400	0.011211
5500	0.011476
5600	0.011829
5700	0.012371
5800	0.012679
5900	0.013098
6000	0.013436
6100	0.013886
6200	0.014446
6300	0.014737
6400	0.015155
6500	0.015540
6600	0.016070
6700	0.016575
6800	0.017040
6900	0.017413
7000	0.017992
7100	0.018456
7200	0.018817
7300	0.019230
7400	0.019867
7500	0.020173
7600	0.020833
7700	0.021640
7800	0.022013
7900	0.022413
8000	0.023128
8100	0.023549
8200	0.024086
8300	0.024928
8400	0.025303
8500	0.025912
8600	0.026427
8700	0.027114
8800	0.027696
8900	0.028223
9000	0.028758
9100	0.029588
9200	0.030304
9300	0.030609
9400	0.031468
9500	0.031938
9600	0.032394
9700	0.033117
9800	0.033859
9900	0.034608
10000	0.035240
