50	3.6283e-06
150	2.6189e-06
250	2.8225e-06
350	3.7702e-06
450	1.7595e-06
550	1.8901e-06
650	6.2933e-06
750	2.1942e-06
850	2.3373e-06
950	2.4785e-06
1000	2.8328e-06
1050	3.2725e-06
1100	3.2752e-06
1150	3.3358e-06
1200	1.06225e-05
1250	3.6312e-06
1300	3.6364e-06
1350	3.7818e-06
1400	3.7857e-06
1450	3.9594e-06
1500	4.09205e-06
1550	4.5063e-06
1600	4.4822e-06
1650	4.5186e-06
1700	4.5741e-06
1750	4.6617e-06
1800	4.8172e-06
1850	4.8058e-06
1900	4.9511e-06
1950	4.9811e-06
2000	5.19032e-06
2050	5.5896e-06
2100	5.6025e-06
2150	5.6198e-06
2200	5.6546e-06
2250	5.7563e-06
2300	5.8177e-06
2350	5.8986e-06
2400	2.96195e-05
2450	6.05e-06
2500	6.25252e-06
2550	6.7286e-06
2600	6.6876e-06
2650	6.6514e-06
2700	6.7208e-06
2750	6.8136e-06
2800	6.881e-06
2850	7.7026e-06
2900	7.0711e-06
2950	7.1438e-06
3000	7.4078e-06
3050	7.8503e-06
3100	7.842e-06
3150	7.7695e-06
3200	7.8189e-06
3250	7.9056e-06
3300	8.6364e-06
3350	8.0603e-06
3400	8.1301e-06
3450	8.1951e-06
3500	8.43843e-06
3550	8.9123e-06
3600	8.9305e-06
3650	8.8728e-06
3700	8.915e-06
3750	9.1421e-06
3800	9.7056e-06
3850	9.1873e-06
3900	9.2483e-06
3950	9.3318e-06
4000	9.55946e-06
4050	9.9644e-06
4100	1.0024e-05
4150	9.9948e-06
4200	9.9967e-06
4250	1.0193e-05
4300	1.02007e-05
4350	1.02663e-05
4400	1.03304e-05
4450	1.04199e-05
4500	1.06615e-05
4550	1.10202e-05
4600	1.11096e-05
4650	1.11366e-05
4700	5.74128e-05
4750	1.1818e-05
4800	1.13122e-05
4850	1.13917e-05
4900	1.14503e-05
4950	1.15273e-05
5000	1.18223e-05
5050	1.21116e-05
5100	1.21938e-05
5150	1.30008e-05
5200	1.22611e-05
5250	1.37647e-05
5300	1.24437e-05
5350	1.25236e-05
5400	1.25842e-05
5450	1.27577e-05
5500	1.29914e-05
5550	1.82248e-05
5600	1.53116e-05
5650	1.40289e-05
5700	1.33884e-05
5750	1.34623e-05
5800	1.35366e-05
5850	1.36174e-05
5900	1.3683e-05
5950	1.37506e-05
6000	1.39782e-05
6050	1.45019e-05
6100	1.5109e-05
6150	1.46096e-05
6200	1.45122e-05
6250	1.45465e-05
6300	1.462e-05
6350	1.47834e-05
6400	1.47898e-05
6450	1.48379e-05
6500	1.50855e-05
6550	1.70141e-05
6600	1.58262e-05
6650	1.58327e-05
6700	1.57203e-05
6750	1.57455e-05
6800	1.57949e-05
6850	1.58516e-05
6900	1.59027e-05
6950	1.60065e-05
7000	1.63351e-05
7050	1.68676e-05
7100	1.69933e-05
7150	1.71029e-05
7200	1.70429e-05
7250	1.70851e-05
7300	1.71413e-05
7350	1.71424e-05
7400	1.73342e-05
7450	1.73123e-05
7500	1.78314e-05
7550	1.8175e-05
7600	1.82738e-05
7650	1.84084e-05
7700	1.84425e-05
7750	1.8469e-05
7800	1.84481e-05
7850	1.85426e-05
7900	1.85628e-05
7950	1.88155e-05
8000	1.90249e-05
8050	1.92935e-05
8100	1.93801e-05
8150	1.9492e-05
8200	1.96362e-05
8250	2.10027e-05
8300	1.96187e-05
8350	1.96856e-05
8400	1.9761e-05
8450	2.0654e-05
8500	2.01977e-05
8550	2.05358e-05
8600	2.05093e-05
8650	2.06197e-05
8700	2.06677e-05
8750	2.0724e-05
8800	2.07079e-05
8850	2.07758e-05
8900	2.16438e-05
8950	2.10024e-05
9000	2.12386e-05
9050	2.14886e-05
9100	2.16362e-05
9150	2.1703e-05
9200	2.17927e-05
9250	2.18909e-05
9300	2.1814e-05
9350	0.000112331
9400	2.21046e-05
9450	2.21377e-05
9500	2.24534e-05
9550	2.27085e-05
9600	2.28665e-05
9650	2.296e-05
9700	2.29765e-05
9750	2.30582e-05
9800	2.37617e-05
9850	2.31217e-05
9900	2.31831e-05
9950	2.32297e-05
10000	2.40706e-05
10050	2.38759e-05
10100	2.39152e-05
10150	2.40212e-05
10200	2.41015e-05
10250	2.43022e-05
10300	2.53293e-05
10350	2.4233e-05
10400	2.43036e-05
10450	2.43719e-05
10500	2.46426e-05
10550	2.49812e-05
10600	2.51315e-05
10650	2.63624e-05
10700	2.5238e-05
10750	2.60651e-05
10800	2.53263e-05
10850	2.53222e-05
10900	2.53885e-05
10950	2.54677e-05
11000	2.57806e-05
11050	2.6002e-05
11100	2.61882e-05
11150	2.62578e-05
11200	2.76789e-05
11250	2.65519e-05
11300	2.64796e-05
11350	2.64868e-05
11400	2.65377e-05
11450	2.66199e-05
11500	2.69311e-05
11550	2.70831e-05
11600	2.72723e-05
11650	2.81377e-05
11700	2.75068e-05
11750	2.76113e-05
11800	2.75959e-05
11850	2.75926e-05
11900	2.75846e-05
11950	2.7791e-05
12000	2.82567e-05
12050	2.8236e-05
12100	2.86121e-05
12150	2.96793e-05
12200	2.86316e-05
12250	2.87048e-05
12300	2.87385e-05
12350	2.87135e-05
12400	2.86837e-05
12450	2.87939e-05
12500	2.90912e-05
12550	2.93184e-05
12600	3.02385e-05
12650	2.95737e-05
12700	2.96722e-05
12750	2.97705e-05
12800	2.9786e-05
12850	2.98747e-05
12900	2.9839e-05
12950	2.98721e-05
13000	3.04593e-05
13050	3.18469e-05
13100	3.0615e-05
13150	3.07242e-05
13200	3.07898e-05
13250	3.09196e-05
13300	3.09536e-05
13350	3.09553e-05
13400	3.0939e-05
13450	3.09978e-05
13500	3.17039e-05
13550	3.16554e-05
13600	3.18413e-05
13650	3.18803e-05
13700	3.1918e-05
13750	3.20394e-05
13800	3.2201e-05
13850	3.21672e-05
13900	3.23944e-05
13950	3.21643e-05
14000	3.31135e-05
14050	3.282e-05
14100	3.28138e-05
14150	3.29022e-05
14200	3.29627e-05
14250	3.30729e-05
14300	3.31399e-05
14350	3.31716e-05
14400	3.30989e-05
14450	3.31696e-05
14500	3.359e-05
14550	3.37326e-05
14600	3.38811e-05
14650	3.39735e-05
14700	3.41028e-05
14750	3.41666e-05
14800	3.41967e-05
14850	3.4254e-05
14900	3.42629e-05
14950	3.66742e-05
15000	3.57899e-05
15050	3.6037e-05
15100	3.61911e-05
15150	3.62573e-05
15200	3.63448e-05
15250	3.64528e-05
15300	3.65069e-05
15350	3.66364e-05
15400	3.74702e-05
15450	3.67799e-05
15500	3.75976e-05
15550	3.72891e-05
15600	3.74241e-05
15650	3.76896e-05
15700	3.75951e-05
15750	3.77341e-05
15800	3.77574e-05
15850	3.80383e-05
15900	3.91046e-05
15950	3.7974e-05
16000	3.82847e-05
16050	3.84831e-05
16100	3.88009e-05
16150	3.87108e-05
16200	3.88184e-05
16250	3.89123e-05
16300	3.89729e-05
16350	3.98692e-05
16400	3.91361e-05
16450	3.92701e-05
16500	3.96908e-05
16550	3.97053e-05
16600	3.97926e-05
16650	3.98096e-05
16700	4.00814e-05
16750	4.00164e-05
16800	4.14425e-05
16850	4.02603e-05
16900	4.02924e-05
16950	4.03248e-05
17000	4.08267e-05
17050	4.07959e-05
17100	4.12498e-05
17150	4.10549e-05
17200	4.1126e-05
17250	4.20668e-05
17300	4.13188e-05
17350	4.14174e-05
17400	4.15102e-05
17450	4.14904e-05
17500	4.22482e-05
17550	4.18912e-05
17600	4.20626e-05
17650	4.21754e-05
17700	4.38836e-05
17750	4.41552e-05
17800	4.37619e-05
17850	4.258e-05
17900	4.25902e-05
17950	4.26433e-05
18000	4.28766e-05
18050	4.30587e-05
18100	4.33966e-05
18150	4.33737e-05
18200	4.41722e-05
18250	4.35236e-05
18300	4.35829e-05
18350	4.38373e-05
18400	4.39174e-05
18450	4.39929e-05
18500	4.3975e-05
18550	4.4315e-05
18600	4.4389e-05
18650	0.000225435
18700	4.4755e-05
18750	4.48389e-05
18800	4.48801e-05
18850	4.50055e-05
18900	4.50194e-05
18950	4.5118e-05
19000	4.54622e-05
19050	4.68105e-05
19100	4.6572e-05
19150	4.58135e-05
19200	4.58649e-05
19250	4.59587e-05
19300	4.60127e-05
19350	4.61386e-05
19400	4.64521e-05
19450	4.9254e-05
19500	4.64468e-05
19550	4.7909e-05
19600	4.70189e-05
19650	4.69393e-05
19700	4.70579e-05
19750	4.7314e-05
19800	4.72323e-05
19850	4.74477e-05
19900	4.73532e-05
19950	4.745e-05
20000	4.79632e-05
20050	4.85676e-05
20100	4.8012e-05
20150	4.81273e-05
20200	4.81767e-05
20250	4.82803e-05
20300	4.83508e-05
20350	4.85583e-05
20400	4.84627e-05
20450	4.85924e-05
20500	4.89604e-05
20550	4.91515e-05
20600	4.93546e-05
20650	4.9159e-05
20700	4.91518e-05
20750	4.9283e-05
20800	4.92807e-05
20850	4.94056e-05
20900	4.9463e-05
20950	4.96e-05
21000	5.03648e-05
21050	4.98457e-05
21100	4.99592e-05
21150	5.01722e-05
21200	5.03046e-05
21250	5.19796e-05
21300	5.18864e-05
21350	5.05991e-05
21400	5.06772e-05
21450	5.21551e-05
21500	5.10344e-05
21550	5.15303e-05
21600	5.14592e-05
21650	5.14058e-05
21700	5.14761e-05
21750	5.17106e-05
21800	5.18545e-05
21850	5.19694e-05
21900	5.21117e-05
21950	5.29279e-05
22000	5.24127e-05
22050	5.26761e-05
22100	5.27599e-05
22150	5.28442e-05
22200	5.29218e-05
22250	5.32092e-05
22300	5.32002e-05
22350	5.33429e-05
22400	5.50631e-05
22450	5.34566e-05
22500	5.38716e-05
22550	5.59925e-05
22600	5.54362e-05
22650	5.42868e-05
22700	5.43139e-05
22750	5.58857e-05
22800	5.46524e-05
22850	5.6627e-05
22900	5.47135e-05
22950	5.48269e-05
23000	5.50176e-05
23050	5.5253e-05
23100	5.57504e-05
23150	5.53859e-05
23200	5.54773e-05
23250	5.56173e-05
23300	5.68982e-05
23350	5.55807e-05
23400	5.56016e-05
23450	5.57468e-05
23500	5.59359e-05
23550	5.62334e-05
23600	5.63037e-05
23650	5.62374e-05
23700	5.65841e-05
23750	5.67103e-05
23800	5.74852e-05
23850	5.67079e-05
23900	5.67227e-05
23950	5.69175e-05
24000	5.77993e-05
24050	5.76592e-05
24100	5.75567e-05
24150	5.75337e-05
24200	5.76594e-05
24250	5.90517e-05
24300	5.78659e-05
24350	5.79254e-05
24400	5.79401e-05
24450	5.80586e-05
24500	5.85646e-05
24550	5.88758e-05
24600	5.87905e-05
24650	5.87206e-05
24700	5.96447e-05
24750	5.89889e-05
24800	5.89677e-05
24850	5.90954e-05
24900	5.91194e-05
24950	5.94121e-05
25000	5.96328e-05
25050	6.13024e-05
25100	5.99475e-05
25150	6.13403e-05
25200	5.99323e-05
25250	6.00471e-05
25300	6.00752e-05
25350	6.01951e-05
25400	6.02674e-05
25450	6.03525e-05
25500	6.12734e-05
25550	6.09453e-05
25600	6.18305e-05
25650	6.12434e-05
25700	6.11006e-05
25750	6.12646e-05
25800	6.14227e-05
25850	6.14335e-05
25900	6.15293e-05
25950	6.16003e-05
26000	6.17853e-05
26050	6.22149e-05
26100	6.38548e-05
26150	6.24943e-05
26200	6.22922e-05
26250	6.23853e-05
26300	6.23997e-05
26350	6.25045e-05
26400	6.25504e-05
26450	6.26383e-05
26500	6.31937e-05
26550	6.44894e-05
26600	6.34807e-05
26650	6.34843e-05
26700	6.33483e-05
26750	6.34772e-05
26800	6.35147e-05
26850	6.36633e-05
26900	6.37008e-05
26950	6.68982e-05
27000	6.41759e-05
27050	6.45132e-05
27100	6.45427e-05
27150	6.46204e-05
27200	6.45263e-05
27250	6.68079e-05
27300	6.46107e-05
27350	6.64568e-05
27400	6.61796e-05
27450	6.49118e-05
27500	6.52861e-05
27550	6.54593e-05
27600	6.57191e-05
27650	6.58145e-05
27700	6.58462e-05
27750	6.58938e-05
27800	6.58287e-05
27850	6.59423e-05
27900	6.59283e-05
27950	6.62188e-05
28000	6.69009e-05
28050	6.79291e-05
28100	6.68551e-05
28150	6.85242e-05
28200	6.81964e-05
28250	6.69555e-05
28300	6.69323e-05
28350	6.71356e-05
28400	6.73161e-05
28450	6.82479e-05
28500	6.7685e-05
28550	6.78025e-05
28600	6.79703e-05
28650	6.82857e-05
28700	6.80464e-05
28750	6.80817e-05
28800	6.80741e-05
28850	6.81895e-05
28900	6.96192e-05
28950	6.84659e-05
29000	6.87076e-05
29050	6.89768e-05
29100	6.91211e-05
29150	6.92843e-05
29200	6.93024e-05
29250	6.92333e-05
29300	6.92753e-05
29350	7.00807e-05
29400	6.96007e-05
29450	6.97301e-05
29500	7.03557e-05
29550	7.02702e-05
29600	7.04005e-05
29650	7.03979e-05
29700	7.05353e-05
29750	7.03989e-05
29800	7.06542e-05
29850	7.17475e-05
29900	7.06206e-05
29950	7.07769e-05
30000	7.10074e-05
30050	7.14483e-05
30100	7.14374e-05
30150	7.16056e-05
30200	7.16182e-05
30250	7.16197e-05
30300	7.23752e-05
30350	7.17883e-05
30400	7.33895e-05
30450	7.32305e-05
30500	7.24271e-05
30550	7.23753e-05
30600	7.27441e-05
30650	7.28631e-05
30700	7.29248e-05
30750	7.46467e-05
30800	7.28552e-05
30850	7.30584e-05
30900	7.45422e-05
30950	7.3463e-05
31000	7.34667e-05
31050	7.3671e-05
31100	7.5165e-05
31150	7.50298e-05
31200	7.43685e-05
31250	7.41449e-05
31300	7.36294e-05
31350	7.37606e-05
31400	7.38297e-05
31450	7.39891e-05
31500	7.52283e-05
31550	7.48164e-05
31600	7.78126e-05
31650	7.52756e-05
31700	7.64655e-05
31750	7.53824e-05
31800	7.54016e-05
31850	7.54621e-05
31900	7.53129e-05
31950	7.56021e-05
32000	7.5703e-05
32050	7.59928e-05
32100	7.61177e-05
32150	7.71106e-05
32200	7.63739e-05
32250	7.64621e-05
32300	7.64621e-05
32350	7.64727e-05
32400	7.64898e-05
32450	7.69238e-05
32500	7.71547e-05
32550	7.71963e-05
32600	7.87053e-05
32650	7.75301e-05
32700	7.75843e-05
32750	7.7663e-05
32800	7.78051e-05
32850	7.76003e-05
32900	7.76394e-05
32950	7.98492e-05
33000	7.83659e-05
33050	7.92061e-05
33100	7.85949e-05
33150	7.86281e-05
33200	7.87028e-05
33250	7.87915e-05
33300	7.87467e-05
33350	7.87888e-05
33400	7.87941e-05
33450	7.89095e-05
33500	7.95317e-05
33550	8.04513e-05
33600	7.96883e-05
33650	7.97473e-05
33700	7.98048e-05
33750	8.1526e-05
33800	8.13221e-05
33850	7.99713e-05
33900	7.99599e-05
33950	8.30278e-05
34000	8.05265e-05
34050	8.06518e-05
34100	8.09057e-05
34150	8.05457e-05
34200	8.05702e-05
34250	8.06911e-05
34300	8.06869e-05
34350	8.07129e-05
34400	8.06848e-05
34450	8.09103e-05
34500	8.14102e-05
34550	8.18184e-05
34600	8.19695e-05
34650	8.20329e-05
34700	8.20395e-05
34750	8.22202e-05
34800	8.37472e-05
34850	8.36299e-05
34900	8.21966e-05
34950	8.31483e-05
35000	8.27681e-05
35050	8.37737e-05
35100	8.28617e-05
35150	8.27981e-05
35200	8.28668e-05
35250	8.29505e-05
35300	8.33838e-05
35350	8.34231e-05
35400	8.4609e-05
35450	8.43418e-05
35500	8.41096e-05
35550	8.40902e-05
35600	8.42594e-05
35650	8.43985e-05
35700	8.4455e-05
35750	8.44888e-05
35800	8.46254e-05
35850	8.46663e-05
35900	8.57579e-05
35950	8.46655e-05
36000	8.5285e-05
36050	8.53453e-05
36100	8.52858e-05
36150	8.54478e-05
36200	8.54794e-05
36250	8.56006e-05
36300	8.57943e-05
36350	8.71682e-05
36400	8.5809e-05
36450	8.58375e-05
36500	8.664e-05
36550	8.75923e-05
36600	8.74548e-05
36650	8.62478e-05
36700	8.62873e-05
36750	8.64358e-05
36800	8.72405e-05
36850	8.66486e-05
36900	8.68509e-05
36950	8.6604e-05
37000	8.72134e-05
37050	8.75623e-05
37100	8.77097e-05
37150	8.78243e-05
37200	8.78327e-05
37250	8.76377e-05
37300	0.000451048
37350	8.79437e-05
37400	8.87278e-05
37450	8.75622e-05
37500	8.80566e-05
37550	8.87639e-05
37600	8.8522e-05
37650	8.8879e-05
37700	8.88424e-05
37750	8.98195e-05
37800	8.90934e-05
37850	8.92545e-05
37900	9.0861e-05
37950	9.03899e-05
38000	8.93421e-05
38050	8.97093e-05
38100	8.97043e-05
38150	8.98891e-05
38200	9.13115e-05
38250	9.00433e-05
38300	9.00516e-05
38350	8.997e-05
38400	9.14354e-05
38450	9.13068e-05
38500	9.06296e-05
38550	9.07181e-05
38600	9.04769e-05
38650	9.16132e-05
38700	9.0821e-05
38750	9.1035e-05
38800	9.08918e-05
38850	9.10813e-05
38900	9.10622e-05
38950	9.12623e-05
39000	9.17032e-05
39050	9.19529e-05
39100	9.34584e-05
39150	9.25013e-05
39200	9.23778e-05
39250	9.25061e-05
39300	9.24875e-05
39350	9.26592e-05
39400	9.26694e-05
39450	9.27431e-05
39500	9.32391e-05
39550	9.32112e-05
39600	9.45446e-05
39650	9.35321e-05
39700	9.37683e-05
39750	9.35494e-05
39800	9.36252e-05
39850	9.38284e-05
39900	9.37587e-05
39950	9.39438e-05
40000	9.43352e-05
40050	9.57422e-05
40100	9.44904e-05
40150	9.45714e-05
40200	9.46315e-05
40250	9.47749e-05
40300	9.47097e-05
40350	9.50025e-05
40400	9.51769e-05
40450	9.53003e-05
40500	9.57246e-05
40550	9.55555e-05
40600	9.55922e-05
40650	9.58279e-05
40700	9.58283e-05
40750	9.59318e-05
40800	9.58713e-05
40850	9.58948e-05
40900	9.58052e-05
40950	9.58006e-05
41000	9.7092e-05
41050	9.66668e-05
41100	9.69522e-05
41150	9.71019e-05
41200	9.69316e-05
41250	9.71001e-05
41300	9.70124e-05
41350	9.73845e-05
41400	9.77709e-05
41450	9.77005e-05
41500	9.76881e-05
41550	9.79648e-05
41600	9.80522e-05
41650	9.94674e-05
41700	9.94724e-05
41750	9.81938e-05
41800	9.82077e-05
41850	9.83897e-05
41900	9.85014e-05
41950	0.000100082
42000	9.85525e-05
42050	9.9166e-05
42100	0.000100896
42150	0.000100773
42200	9.92033e-05
42250	9.93993e-05
42300	9.93257e-05
42350	9.96718e-05
42400	0.00010031
42450	9.9752e-05
42500	9.98289e-05
42550	0.000101655
42600	0.000101457
42650	0.000100331
42700	0.000100348
42750	0.000100637
42800	0.000101736
42850	0.000102787
42900	0.000102097
42950	0.000101709
43000	0.000100944
43050	0.000101295
43100	0.000101255
43150	0.000101441
43200	0.000101493
43250	0.000101583
43300	0.000102503
43350	0.000101884
43400	0.000101986
43450	0.00010202
43500	0.000102439
43550	0.000102421
43600	0.000102621
43650	0.000102586
43700	0.000102569
43750	0.000103071
43800	0.000104668
43850	0.00010305
43900	0.000103302
43950	0.000103368
44000	0.000103367
44050	0.000103647
44100	0.000105194
44150	0.000104942
44200	0.000103787
44250	0.00010477
44300	0.000104019
44350	0.00010415
44400	0.000104193
44450	0.000104327
44500	0.000104852
44550	0.000104857
44600	0.000104986
44650	0.000105059
44700	0.000106426
44750	0.000105249
44800	0.000105207
44850	0.000105395
44900	0.000105342
44950	0.000105554
45000	0.000106184
45050	0.000105648
45100	0.000105558
45150	0.00010718
45200	0.000105744
45250	0.000107459
45300	0.00010718
45350	0.000105997
45400	0.000106156
45450	0.000106505
45500	0.000106864
45550	0.000107275
45600	0.000108093
45650	0.000109547
45700	0.000108699
45750	0.000107495
45800	0.000107535
45850	0.000107678
45900	0.000107635
45950	0.000107841
46000	0.000108177
46050	0.000109971
46100	0.000109514
46150	0.000108435
46200	0.000108419
46250	0.00010889
46300	0.000108612
46350	0.000108816
46400	0.000108771
46450	0.000108961
46500	0.000109667
46550	0.000110959
46600	0.00011115
46650	0.000111185
46700	0.000109661
46750	0.000109819
46800	0.0001099
46850	0.000109901
46900	0.000109914
46950	0.000110251
47000	0.000110467
47050	0.000110961
47100	0.000110769
47150	0.000110982
47200	0.000110767
47250	0.000110961
47300	0.000110897
47350	0.000111105
47400	0.000111164
47450	0.000111205
47500	0.000111985
47550	0.00011219
47600	0.000111905
47650	0.000112005
47700	0.000112089
47750	0.00011209
47800	0.000112074
47850	0.000112503
47900	0.000112244
47950	0.000112448
48000	0.000113081
48050	0.000113025
48100	0.000113279
48150	0.000113243
48200	0.000113072
48250	0.000113265
48300	0.000113116
48350	0.000113409
48400	0.000113749
48450	0.000115373
48500	0.000114165
48550	0.00011433
48600	0.000114171
48650	0.000114372
48700	0.00011427
48750	0.000114358
48800	0.000115844
48850	0.000115864
48900	0.000118225
48950	0.000114829
49000	0.000115198
49050	0.000115244
49100	0.000115415
49150	0.000115451
49200	0.000115303
49250	0.000115429
49300	0.000115614
49350	0.000116484
49400	0.000116698
49450	0.000115976
49500	0.000116394
49550	0.000116482
49600	0.000116643
49650	0.000116666
49700	0.000116599
49750	0.00011697
49800	0.000118082
49850	0.000119194
49900	0.000117061
49950	0.000117035
50000	0.000117381
50050	0.000117559
50100	0.00011768
50150	0.000119376
50200	0.0001191
50250	0.000117886
50300	0.000120675
50350	0.000119721
50400	0.000118129
50450	0.000118242
50500	0.000118499
50550	0.000118701
50600	0.000118749
50650	0.000118978
50700	0.000119273
50750	0.000119801
50800	0.000119238
50850	0.000119102
50900	0.000119209
50950	0.000119352
51000	0.000119783
51050	0.000120105
51100	0.000119941
51150	0.000120452
51200	0.000121068
51250	0.00012101
51300	0.000120348
51350	0.000120276
51400	0.000120389
51450	0.000120536
51500	0.000120994
51550	0.000120956
51600	0.000120702
51650	0.000120787
51700	0.000121601
51750	0.000120944
51800	0.000120749
51850	0.000120943
51900	0.000121236
51950	0.000121239
52000	0.00012212
52050	0.000122435
52100	0.00012232
52150	0.000123858
52200	0.000122553
52250	0.00012423
52300	0.00012531
52350	0.00012393
52400	0.000122624
52450	0.000122959
52500	0.00012307
52550	0.000124994
52600	0.000124651
52650	0.00012365
52700	0.00012357
52750	0.000123905
52800	0.000123573
52850	0.000123921
52900	0.000125501
52950	0.000125423
53000	0.000124181
53050	0.00012549
53100	0.000127079
53150	0.000126345
53200	0.000124926
53250	0.000124972
53300	0.000124938
53350	0.000125105
53400	0.000124936
53450	0.00012509
53500	0.000125664
53550	0.000126644
53600	0.000127371
53650	0.000127094
53700	0.000125948
53750	0.000126204
53800	0.000126
53850	0.000126101
53900	0.000126429
53950	0.000126356
54000	0.000126829
54050	0.000126971
54100	0.000127142
54150	0.00012713
54200	0.000127102
54250	0.000127273
54300	0.000127224
54350	0.000127436
54400	0.000127254
54450	0.000130243
54500	0.000127829
54550	0.000127971
54600	0.000128022
54650	0.000128292
54700	0.000128208
54750	0.000130043
54800	0.00012976
54850	0.000128456
54900	0.000128361
54950	0.000130622
55000	0.000128669
55050	0.000129725
55100	0.000134936
55150	0.000128887
55200	0.000129017
55250	0.000131704
55300	0.000129061
55350	0.000128554
55400	0.000128536
55450	0.000129513
55500	0.000130201
55550	0.000130351
55600	0.000130606
55650	0.000130505
55700	0.000130511
55750	0.000130969
55800	0.000130869
55850	0.000131198
55900	0.000131603
55950	0.000130411
56000	0.000131604
56050	0.000131498
56100	0.000131577
56150	0.000131834
56200	0.000131662
56250	0.000131923
56300	0.000131914
56350	0.000132981
56400	0.000131923
56450	0.000132103
56500	0.000132851
56550	0.000132556
56600	0.000132771
56650	0.000132737
56700	0.00013274
56750	0.000132973
56800	0.000137786
56850	0.000133308
56900	0.000133234
56950	0.000134633
57000	0.000133422
57050	0.000133733
57100	0.00013382
57150	0.000133936
57200	0.000134054
57250	0.000134173
57300	0.000134909
57350	0.00013429
57400	0.000134128
57450	0.00013431
57500	0.00013486
57550	0.00013496
57600	0.000136699
57650	0.00013507
57700	0.000135279
57750	0.000136585
57800	0.000135324
57850	0.000135479
57900	0.00013553
57950	0.000137045
58000	0.000135812
58050	0.000136177
58100	0.000136016
58150	0.000136178
58200	0.000137352
58250	0.000136306
58300	0.000138472
58350	0.0001378
58400	0.000136497
58450	0.000139439
58500	0.000137337
58550	0.000137388
58600	0.000137148
58650	0.000138675
58700	0.000137431
58750	0.000139518
58800	0.000138738
58850	0.000137889
58900	0.000137814
58950	0.00013785
59000	0.000139022
59050	0.000138248
59100	0.000138386
59150	0.000139311
59200	0.000138621
59250	0.000138874
59300	0.000138737
59350	0.000138847
59400	0.000138811
59450	0.000139031
59500	0.00013959
59550	0.000139482
59600	0.000140892
59650	0.000139929
59700	0.000139756
59750	0.000139862
59800	0.000141284
59850	0.000141443
59900	0.000140159
59950	0.000140119
60000	0.000140675
60050	0.000141594
60100	0.000140786
60150	0.000140894
60200	0.00014097
60250	0.000141043
60300	0.000141054
60350	0.000141368
60400	0.000141193
60450	0.000141341
60500	0.000141906
60550	0.000144836
60600	0.000141832
60650	0.000142152
60700	0.000142063
60750	0.000142176
60800	0.000142221
60850	0.000144079
60900	0.000143817
60950	0.000141988
61000	0.000142734
61050	0.000143122
61100	0.000143175
61150	0.00014343
61200	0.00014504
61250	0.000144587
61300	0.00014358
61350	0.000143598
61400	0.000143559
61450	0.000143841
61500	0.00014467
61550	0.000144376
61600	0.000144341
61650	0.000144378
61700	0.000144695
61750	0.000144477
61800	0.000144731
61850	0.000144909
61900	0.000144772
61950	0.000145963
62000	0.000145588
62050	0.000148174
62100	0.000145447
62150	0.000145639
62200	0.00014575
62250	0.000145909
62300	0.000145759
62350	0.000149274
62400	0.000150135
62450	0.000146489
62500	0.000146297
62550	0.000148074
62600	0.000147893
62650	0.000146779
62700	0.000146766
62750	0.000149874
62800	0.000146927
62850	0.000147337
62900	0.000148091
62950	0.000147619
63000	0.000147781
63050	0.000150646
63100	0.000147715
63150	0.000147978
63200	0.000147934
63250	0.000150956
63300	0.000148187
63350	0.000149746
63400	0.000150046
63450	0.000149879
63500	0.000149298
63550	0.000148859
63600	0.000148892
63650	0.000149207
63700	0.000149025
63750	0.000149227
63800	0.000150353
63850	0.000149543
63900	0.000149437
63950	0.000149609
64000	0.000150651
64050	0.000150687
64100	0.000150949
64150	0.000150715
64200	0.000151006
64250	0.000153141
64300	0.000151158
64350	0.000151263
64400	0.000151488
64450	0.0001544
64500	0.000151618
64550	0.000151626
64600	0.000151553
64650	0.000151713
64700	0.000152101
64750	0.000152991
64800	0.000157387
64850	0.000153785
64900	0.000153287
64950	0.000151941
65000	0.000153279
65050	0.000152288
65100	0.000152725
65150	0.000153036
65200	0.000154998
65250	0.000153545
65300	0.000153501
65350	0.000153641
65400	0.000153801
65450	0.000153836
65500	0.000154447
65550	0.0001546
65600	0.000154276
65650	0.000156337
65700	0.000154127
65750	0.000154363
65800	0.000154344
65850	0.000154624
65900	0.000154424
65950	0.000154848
66000	0.000156147
66050	0.00015496
66100	0.00015612
66150	0.000158332
66200	0.000154806
66250	0.000154955
66300	0.000155005
66350	0.000158184
66400	0.00015816
66450	0.000155342
66500	0.000155595
66550	0.00015843
66600	0.000160572
66650	0.000155922
66700	0.000162315
66750	0.000156169
66800	0.000156196
66850	0.000156302
66900	0.000156286
66950	0.000156434
67000	0.000157736
67050	0.000159245
67100	0.000161523
67150	0.000157935
67200	0.000159619
67250	0.000161844
67300	0.000160091
67350	0.000160118
67400	0.000161502
67450	0.000159268
67500	0.000159388
67550	0.000159802
67600	0.000159344
67650	0.000165489
67700	0.000160906
67750	0.00016079
67800	0.000163055
67850	0.000159841
67900	0.000159742
67950	0.000163826
68000	0.000160761
68050	0.000164259
68100	0.000159562
68150	0.000159856
68200	0.000159892
68250	0.000159676
68300	0.000166019
68350	0.000160082
68400	0.000159879
68450	0.000160881
68500	0.00016044
68550	0.000162586
68600	0.000164809
68650	0.000160755
68700	0.000163587
68750	0.000161152
68800	0.000161066
68850	0.000166615
68900	0.000162039
68950	0.000161483
69000	0.000161985
69050	0.000162826
69100	0.000165384
69150	0.000162566
69200	0.000162736
69250	0.000163242
69300	0.000162706
69350	0.00016329
69400	0.000166784
69450	0.000163067
69500	0.000163765
69550	0.000163838
69600	0.000166646
69650	0.00017023
69700	0.000166398
69750	0.000164854
69800	0.000163491
69850	0.000168524
69900	0.000166404
69950	0.000163768
70000	0.000164324
70050	0.000164108
70100	0.000167321
70150	0.000167514
70200	0.000165167
70250	0.000166488
70300	0.000167845
70350	0.000167455
70400	0.000165481
70450	0.000168139
70500	0.000166425
70550	0.000166245
70600	0.000168782
70650	0.000165942
70700	0.000166241
70750	0.000167598
70800	0.000167027
70850	0.000166375
70900	0.000166208
70950	0.00017282
71000	0.000167266
71050	0.000166406
71100	0.000166623
71150	0.00016955
71200	0.000169751
71250	0.000167753
71300	0.000166829
71350	0.000166991
71400	0.000166995
71450	0.000167263
71500	0.000167742
71550	0.000167691
71600	0.000170417
71650	0.000167885
71700	0.000174058
71750	0.000169781
71800	0.000167918
71850	0.000168226
71900	0.000168277
71950	0.000171213
72000	0.000169484
72050	0.000168886
72100	0.000168869
72150	0.000172672
72200	0.00016926
72250	0.000169195
72300	0.000169117
72350	0.000169173
72400	0.000169227
72450	0.000169536
72500	0.00017125
72550	0.000170461
72600	0.000171604
72650	0.000175984
72700	0.000172478
72750	0.000170869
72800	0.000170808
72850	0.000171285
72900	0.000170971
72950	0.000171117
73000	0.000171737
73050	0.000174321
73100	0.000179804
73150	0.000171987
73200	0.000172945
73250	0.000171507
73300	0.000171317
73350	0.000171602
73400	0.000171403
73450	0.000173452
73500	0.000171811
73550	0.000177643
73600	0.000172292
73650	0.000172573
73700	0.000172526
73750	0.000172432
73800	0.000172503
73850	0.000173968
73900	0.000174127
73950	0.000175545
74000	0.000173155
74050	0.000176259
74100	0.000176881
74150	0.000174502
74200	0.000176918
74250	0.000174443
74300	0.000174475
74350	0.000176158
74400	0.000177057
74450	0.0001745
74500	0.000247829
74550	0.000176095
74600	0.000180312
74650	0.000176498
74700	0.000183395
74750	0.000177643
74800	0.000175858
74850	0.000178824
74900	0.000175793
74950	0.000176154
75000	0.000177623
75050	0.000177001
75100	0.000176569
75150	0.000176761
75200	0.000176821
75250	0.000180065
75300	0.000176967
75350	0.000178626
75400	0.000178386
75450	0.000178648
75500	0.000178066
75550	0.000177867
75600	0.000179622
75650	0.00017867
75700	0.000182711
75750	0.000179344
75800	0.000179122
75850	0.000178955
75900	0.000180227
75950	0.00017921
76000	0.000180331
76050	0.000180027
76100	0.000179549
76150	0.000179577
76200	0.000179758
76250	0.000179889
76300	0.000179981
76350	0.000181937
76400	0.000180359
76450	0.00018733
76500	0.000181528
76550	0.000183165
76600	0.000181677
76650	0.000180386
76700	0.000180344
76750	0.000180741
76800	0.000180597
76850	0.000184424
76900	0.000180728
76950	0.000180673
77000	0.000181568
77050	0.000181336
77100	0.000181404
77150	0.000181649
77200	0.000181487
77250	0.000187634
77300	0.000183242
77350	0.000181789
77400	0.000181742
77450	0.000182004
77500	0.000183708
77550	0.00018269
77600	0.00018259
77650	0.000185694
77700	0.000182883
77750	0.000183676
77800	0.000184949
77850	0.000183919
77900	0.000184234
77950	0.000184575
78000	0.000184477
78050	0.000188171
78100	0.000184116
78150	0.000183754
78200	0.000185053
78250	0.000186095
78300	0.000185396
78350	0.000184233
78400	0.000184725
78450	0.000185176
78500	0.000185638
78550	0.00018542
78600	0.000187346
78650	0.00018525
78700	0.000186516
78750	0.000185399
78800	0.000185251
78850	0.000185549
78900	0.000185196
78950	0.000187963
79000	0.000186755
79050	0.00018624
79100	0.000186224
79150	0.000187801
79200	0.000186316
79250	0.000188187
79300	0.000187948
79350	0.000186609
79400	0.000186489
79450	0.000186561
79500	0.000187691
79550	0.00018715
79600	0.000188097
79650	0.000187533
79700	0.000193134
79750	0.000187515
79800	0.000189093
79850	0.000189068
79900	0.000189165
79950	0.000189291
80000	0.000188509
80050	0.000189712
80100	0.000188579
80150	0.000188595
80200	0.000188679
80250	0.000188737
80300	0.000188707
80350	0.000192449
80400	0.000190232
80450	0.000189083
80500	0.000190053
80550	0.000190267
80600	0.00018955
80650	0.000189695
80700	0.000189753
80750	0.000190314
80800	0.000192781
80850	0.000190063
80900	0.000191894
80950	0.000194335
81000	0.00019124
81050	0.000190656
81100	0.000190905
81150	0.000191216
81200	0.000190924
81250	0.000191265
81300	0.000191043
81350	0.000191098
81400	0.00019132
81450	0.000191263
81500	0.00019189
81550	0.000194821
81600	0.000191876
81650	0.00019509
81700	0.000192043
81750	0.000192122
81800	0.000192295
81850	0.000192351
81900	0.000192523
81950	0.000193653
82000	0.000193514
82050	0.000192969
82100	0.000192938
82150	0.000193302
82200	0.000193365
82250	0.000193377
82300	0.000193284
82350	0.000193603
82400	0.000193805
82450	0.000194329
82500	0.000194333
82550	0.000196817
82600	0.000194068
82650	0.000194344
82700	0.000194484
82750	0.000194661
82800	0.000194546
82850	0.000195445
82900	0.000197711
82950	0.00019481
83000	0.000195379
83050	0.000195529
83100	0.000195569
83150	0.000200102
83200	0.000196103
83250	0.000194891
83300	0.000194709
83350	0.000196084
83400	0.000195143
83450	0.000195125
83500	0.000196513
83550	0.000196529
83600	0.000196485
83650	0.000195854
83700	0.000195938
83750	0.000197806
83800	0.000198088
83850	0.000195727
83900	0.000195707
83950	0.000196075
84000	0.000197619
84050	0.000203681
84100	0.000197866
84150	0.000197869
84200	0.000198401
84250	0.000198197
84300	0.00019716
84350	0.000197234
84400	0.000197782
84450	0.000197502
84500	0.00019873
84550	0.000199347
84600	0.000199018
84650	0.000200471
84700	0.000201487
84750	0.000200205
84800	0.000199167
84850	0.000199249
84900	0.000199733
84950	0.000198737
85000	0.000199831
85050	0.000200276
85100	0.000200047
85150	0.00020023
85200	0.000201295
85250	0.000200506
85300	0.00020338
85350	0.000203327
85400	0.000200667
85450	0.000200618
85500	0.000201205
85550	0.0002014
85600	0.000201457
85650	0.000202537
85700	0.000201451
85750	0.000201428
85800	0.000201622
85850	0.000201794
85900	0.000204734
85950	0.000201857
86000	0.000202086
86050	0.000205312
86100	0.000203204
86150	0.000202562
86200	0.00020545
86250	0.000202705
86300	0.000205775
86350	0.000202981
86400	0.000202792
86450	0.000203194
86500	0.000203474
86550	0.00020448
86600	0.000205075
86650	0.000203778
86700	0.000203575
86750	0.000203871
86800	0.000207684
86850	0.00020425
86900	0.000203985
86950	0.000204043
87000	0.000204598
87050	0.000204844
87100	0.000203804
87150	0.000203961
87200	0.000204329
87250	0.00020489
87300	0.000205015
87350	0.000205212
87400	0.000210969
87450	0.000205283
87500	0.000205739
87550	0.000209074
87600	0.000205119
87650	0.000205188
87700	0.000205067
87750	0.000205824
87800	0.000206107
87850	0.000206389
87900	0.000207897
87950	0.000207796
88000	0.000206551
88050	0.000207146
88100	0.000209896
88150	0.000207266
88200	0.000208722
88250	0.000208884
88300	0.000207428
88350	0.000207615
88400	0.000207976
88450	0.000211352
88500	0.000208193
88550	0.000208299
88600	0.000208355
88650	0.000208584
88700	0.000208171
88750	0.000208576
88800	0.00021137
88850	0.000209699
88900	0.000208638
88950	0.000209852
89000	0.000209444
89050	0.000209625
89100	0.000209343
89150	0.000209476
89200	0.000209449
89250	0.000209555
89300	0.000209768
89350	0.000213028
89400	0.000213927
89450	0.000210128
89500	0.00021085
89550	0.000210793
89600	0.00021094
89650	0.000210699
89700	0.000210744
89750	0.000210827
89800	0.000211052
89850	0.000214698
89900	0.000211118
89950	0.000211305
90000	0.000211413
90050	0.000214669
90100	0.000211865
90150	0.000213266
90200	0.000213273
90250	0.000212275
90300	0.000212929
90350	0.00021293
90400	0.00021235
90450	0.000212271
90500	0.000213457
90550	0.000213083
90600	0.000212331
90650	0.000212218
90700	0.000213528
90750	0.000214419
90800	0.000214022
90850	0.000213293
90900	0.000213589
90950	0.000213614
91000	0.000214149
91050	0.000214477
91100	0.000214105
91150	0.000214424
91200	0.000213773
91250	0.000218561
91300	0.000216535
91350	0.000213974
91400	0.000213566
91450	0.000214496
91500	0.000215526
91550	0.00021549
91600	0.000215717
91650	0.000215702
91700	0.000222611
91750	0.000215775
91800	0.000215967
91850	0.000215955
91900	0.000216123
91950	0.000216226
92000	0.00021666
92050	0.000218492
92100	0.00021685
92150	0.000217769
92200	0.000217823
92250	0.000216764
92300	0.000216752
92350	0.000217242
92400	0.000217001
92450	0.000218726
92500	0.000217998
92550	0.000220756
92600	0.000218081
92650	0.00022057
92700	0.000217989
92750	0.000218223
92800	0.000218287
92850	0.000218186
92900	0.000218233
92950	0.000218704
93000	0.000218977
93050	0.000223328
93100	0.000223225
93150	0.000219029
93200	0.000219323
93250	0.00021931
93300	0.000219136
93350	0.000220526
93400	0.000219548
93450	0.000219622
93500	0.000220662
93550	0.000221236
93600	0.000220665
93650	0.00022053
93700	0.000220568
93750	0.000220292
93800	0.0002206
93850	0.000220702
93900	0.00022041
93950	0.000220635
94000	0.00022185
94050	0.000222194
94100	0.000221482
94150	0.000221385
94200	0.00022146
94250	0.000221764
94300	0.000222087
94350	0.00022725
94400	0.000220814
94450	0.000221116
94500	0.000222239
94550	0.000222573
94600	0.000222419
94650	0.000222476
94700	0.000224356
94750	0.000224215
94800	0.000223023
94850	0.000223019
94900	0.000223097
94950	0.000226255
95000	0.000224012
95050	0.000224088
95100	0.000223981
95150	0.000222919
95200	0.000222875
95250	0.000222829
95300	0.00022376
95350	0.000225665
95400	0.000225312
95450	0.000225186
95500	0.000225283
95550	0.000224815
95600	0.000225002
95650	0.000224825
95700	0.000225267
95750	0.000225296
95800	0.000224981
95850	0.000226684
95900	0.000228631
95950	0.000224594
96000	0.000226139
96050	0.000227223
96100	0.000226241
96150	0.000229012
96200	0.000226157
96250	0.000226495
96300	0.000226399
96350	0.00022692
96400	0.000227167
96450	0.000226352
96500	0.000227103
96550	0.00022717
96600	0.000229232
96650	0.000228578
96700	0.000226342
96750	0.000226419
96800	0.000226355
96850	0.000228842
96900	0.00022674
96950	0.000229533
97000	0.00022908
97050	0.000228311
97100	0.000228311
97150	0.000228795
97200	0.000227465
97250	0.000227568
97300	0.000231584
97350	0.000227544
97400	0.000229891
97450	0.000229987
97500	0.000229366
97550	0.000229394
97600	0.000229641
97650	0.000232723
97700	0.00022974
97750	0.000231614
97800	0.000229926
97850	0.000230124
97900	0.000229772
97950	0.000229235
98000	0.000230708
98050	0.000230585
98100	0.000232405
98150	0.00023214
98200	0.000230882
98250	0.000233462
98300	0.000232386
98350	0.000230954
98400	0.000230949
98450	0.000231375
98500	0.000232061
98550	0.000234769
98600	0.000234778
98650	0.000232395
98700	0.000233682
98750	0.000232447
98800	0.000232397
98850	0.000234084
98900	0.000233847
98950	0.000232297
99000	0.000233168
99050	0.000233226
99100	0.000233335
99150	0.000234089
99200	0.00023317
99250	0.000233371
99300	0.000233657
99350	0.000233409
99400	0.000233472
99450	0.00023373
99500	0.000234399
99550	0.000234117
99600	0.000235744
99650	0.000235213
99700	0.000234492
99750	0.000233665
99800	0.000237322
99850	0.000234787
99900	0.000237466
99950	0.000234805
100000	0.000235197
100050	0.000235579
100100	0.00023617
100150	0.000235588
100200	0.000235922
100250	0.000237092
100300	0.00023713
100350	0.000235846
100400	0.000235734
100450	0.000235993
100500	0.000236964
100550	0.000238462
100600	0.000237897
100650	0.00023673
100700	0.000236815
100750	0.000236877
100800	0.000236788
100850	0.000240087
100900	0.000236815
100950	0.000237256
101000	0.000237718
101050	0.000240891
101100	0.000237727
101150	0.000238006
101200	0.000237654
101250	0.000241327
101300	0.000238251
101350	0.000238083
101400	0.000238128
101450	0.000238151
101500	0.000238617
101550	0.000238775
101600	0.000238911
101650	0.000243473
101700	0.000240363
101750	0.000238988
101800	0.000239053
101850	0.000239925
101900	0.000239124
101950	0.000239691
102000	0.000240129
102050	0.000243253
102100	0.000243075
102150	0.000240011
102200	0.000240379
102250	0.000240346
102300	0.00024045
102350	0.000240879
102400	0.000240714
102450	0.000243693
102500	0.000241696
102550	0.000241635
102600	0.000241103
102650	0.000241129
102700	0.000241281
102750	0.000241346
102800	0.000241591
102850	0.000241649
102900	0.000242843
102950	0.00024172
103000	0.000242595
103050	0.000244156
103100	0.000243796
103150	0.000242559
103200	0.000242598
103250	0.000242773
103300	0.00024255
103350	0.000244568
103400	0.000243359
103450	0.000242773
103500	0.00024367
103550	0.000243743
103600	0.000243917
103650	0.000245136
103700	0.000244954
103750	0.000243754
103800	0.000243997
103850	0.000245033
103900	0.000243919
103950	0.000247447
104000	0.000244968
104050	0.000244695
104100	0.000244666
104150	0.000245095
104200	0.000247588
104250	0.000245714
104300	0.000246328
104350	0.000245147
104400	0.000245737
104450	0.000245808
104500	0.000245818
104550	0.000245793
104600	0.000249381
104650	0.000245904
104700	0.000245777
104750	0.000247744
104800	0.000246212
104850	0.000246527
104900	0.000247985
104950	0.000248018
105000	0.000246995
105050	0.00024699
105100	0.000246981
105150	0.000247432
105200	0.000251536
105250	0.000247426
105300	0.000247675
105350	0.000248649
105400	0.000247869
105450	0.000248415
105500	0.000249049
105550	0.000248627
105600	0.000248721
105650	0.000248408
105700	0.000249486
105750	0.000251462
105800	0.000248778
105850	0.000248893
105900	0.000249072
105950	0.000248913
106000	0.000249451
106050	0.00024961
106100	0.000251914
106150	0.000252496
106200	0.000252707
106250	0.000250011
106300	0.000253971
106350	0.000250262
106400	0.000251903
106450	0.000252276
106500	0.000250589
106550	0.000250884
106600	0.000252236
106650	0.000250597
106700	0.000250945
106750	0.000252555
106800	0.000252584
106850	0.00025143
106900	0.000251293
106950	0.000251695
107000	0.000252208
107050	0.000253246
107100	0.000253796
107150	0.00025509
107200	0.000253224
107250	0.000252469
107300	0.000252301
107350	0.000253371
107400	0.000252919
107450	0.000252648
107500	0.000253392
107550	0.000254098
107600	0.000252925
107650	0.000253282
107700	0.000253249
107750	0.000253413
107800	0.000253241
107850	0.000253735
107900	0.0002537
107950	0.000253888
108000	0.000254934
108050	0.000254512
108100	0.000254636
108150	0.000254214
108200	0.000254616
108250	0.000254724
108300	0.00025444
108350	0.000257054
108400	0.000256123
108450	0.000254921
108500	0.000255921
108550	0.000255445
108600	0.000258328
108650	0.00025563
108700	0.000255367
108750	0.00025568
108800	0.000255834
108850	0.000258979
108900	0.000258871
108950	0.000259496
109000	0.000256779
109050	0.000259853
109100	0.000256785
109150	0.000256757
109200	0.000256897
109250	0.000257257
109300	0.000257153
109350	0.000257057
109400	0.000258253
109450	0.000257439
109500	0.000257618
109550	0.000257962
109600	0.000257921
109650	0.000256836
109700	0.000259783
109750	0.000257643
109800	0.000258571
109850	0.000259376
109900	0.00025936
109950	0.000258568
110000	0.0002591
110050	0.000259154
110100	0.000259009
110150	0.00025919
110200	0.000259524
110250	0.000259098
110300	0.000265204
110350	0.000260793
110400	0.000259293
110450	0.000259717
110500	0.000260901
110550	0.000260223
110600	0.000260365
110650	0.000260414
110700	0.000262139
110750	0.000262237
110800	0.000261927
110850	0.000260808
110900	0.000260554
110950	0.000264052
111000	0.000261423
111050	0.000261719
111100	0.000261919
111150	0.000264268
111200	0.000261361
111250	0.000262535
111300	0.000261764
111350	0.000263325
111400	0.000263578
111450	0.00026257
111500	0.000262622
111550	0.000262867
111600	0.000263382
111650	0.000262951
111700	0.000263563
111750	0.000265184
111800	0.000263011
111850	0.000263531
111900	0.000263308
111950	0.000264959
112000	0.000264568
112050	0.000263926
112100	0.000266874
112150	0.000264036
112200	0.000264941
112250	0.000263942
112300	0.000264028
112350	0.000267342
112400	0.000264839
112450	0.000264363
112500	0.000264869
112550	0.000266547
112600	0.000265078
112650	0.00026666
112700	0.000265332
112750	0.000265754
112800	0.000268207
112850	0.000265704
112900	0.000265548
112950	0.000267089
113000	0.000266184
113050	0.000269209
113100	0.000267312
113150	0.000266375
113200	0.000266628
113250	0.000266818
113300	0.000266556
113350	0.00026657
113400	0.000266715
113450	0.000266959
113500	0.000268592
113550	0.00026984
113600	0.000269108
113650	0.000267509
113700	0.000270632
113750	0.000267634
113800	0.000267567
113850	0.000267805
113900	0.000268074
113950	0.000271177
114000	0.000268351
114050	0.000269898
114100	0.000270839
114150	0.000268654
114200	0.000268829
114250	0.000269063
114300	0.000268817
114350	0.000269567
114400	0.000272165
114450	0.00026911
114500	0.000269909
114550	0.000269793
114600	0.000269968
114650	0.000272859
114700	0.000270089
114750	0.000270561
114800	0.000270383
114850	0.000269936
114900	0.000270067
114950	0.000270215
115000	0.000271928
115050	0.000271085
115100	0.000271846
115150	0.000271653
115200	0.000271093
115250	0.000274038
115300	0.000271054
115350	0.000271408
115400	0.000271449
115450	0.000272336
115500	0.000272251
115550	0.000272108
115600	0.000272697
115650	0.000274213
115700	0.000273402
115750	0.000272466
115800	0.000272525
115850	0.00027232
115900	0.000273304
115950	0.000276665
116000	0.000273785
116050	0.000273246
116100	0.000273239
116150	0.000274831
116200	0.000274924
116250	0.00027347
116300	0.000274145
116350	0.000274033
116400	0.000278496
116450	0.000273906
116500	0.000275669
116550	0.000276213
116600	0.000276268
116650	0.000274907
116700	0.000275321
116750	0.000279353
116800	0.000275976
116850	0.000275758
116900	0.000275076
116950	0.000275053
117000	0.000276386
117050	0.000275574
117100	0.000276212
117150	0.000277597
117200	0.000277134
117250	0.000276054
117300	0.000276731
117350	0.000276939
117400	0.000276465
117450	0.00028065
117500	0.000276649
117550	0.000276741
117600	0.000279822
117650	0.000278348
117700	0.000278395
117750	0.00027689
117800	0.000279389
117850	0.000277274
117900	0.000276918
117950	0.000277469
118000	0.000278641
118050	0.000278103
118100	0.000278172
118150	0.000281375
118200	0.00027856
118250	0.000282984
118300	0.000281223
118350	0.000278414
118400	0.000278595
118450	0.000281652
118500	0.000279169
118550	0.000281884
118600	0.000280582
118650	0.000282366
118700	0.000280173
118750	0.000279572
118800	0.000279419
118850	0.00027987
118900	0.00027954
118950	0.000282541
119000	0.00028056
119050	0.000280184
119100	0.00028044
119150	0.000287715
119200	0.000280625
119250	0.000281461
119300	0.000280695
119350	0.000280661
119400	0.000280887
119450	0.000281063
119500	0.000282107
119550	0.000281894
119600	0.000282588
119650	0.0002845
119700	0.000285888
119750	0.000281926
119800	0.000282368
119850	0.000282173
119900	0.00028078
119950	0.000283704
120000	0.000282363
120050	0.000285575
120100	0.000287725
120150	0.000282787
120200	0.000282789
120250	0.000283441
120300	0.000283535
120350	0.00028489
120400	0.000286281
120450	0.000284623
120500	0.000283912
120550	0.000286437
120600	0.000285286
120650	0.000284469
120700	0.000284371
120750	0.000284341
120800	0.00028419
120850	0.00028438
120900	0.000284425
120950	0.000284899
121000	0.000286112
121050	0.000285796
121100	0.000288059
121150	0.000285375
121200	0.000288315
121250	0.000285565
121300	0.000285914
121350	0.000291614
121400	0.000285716
121450	0.000285528
121500	0.000286619
121550	0.000286231
121600	0.000286714
121650	0.000286238
121700	0.000289149
121750	0.000289848
121800	0.000291429
121850	0.000287295
121900	0.000286818
121950	0.000287731
122000	0.000287626
122050	0.000287869
122100	0.000288089
122150	0.000287692
122200	0.000287664
122250	0.000288158
122300	0.00028789
122350	0.000288516
122400	0.000289621
122450	0.000290583
122500	0.0002895
122550	0.000288778
122600	0.000288699
122650	0.000292062
122700	0.000290922
122750	0.000290402
122800	0.000289364
122850	0.000289105
122900	0.0002936
122950	0.000289277
123000	0.00029003
123050	0.000290111
123100	0.000290341
123150	0.0002959
123200	0.000290623
123250	0.00029049
123300	0.000290772
123350	0.000291128
123400	0.000293619
123450	0.000291968
123500	0.000291193
123550	0.000293916
123600	0.000291376
123650	0.000291323
123700	0.000291615
123750	0.000291891
123800	0.000294593
123850	0.000293274
123900	0.000291856
123950	0.000291942
124000	0.000292975
124050	0.000297054
124100	0.000293889
124150	0.000292569
124200	0.000293143
124250	0.000292926
124300	0.000293703
124350	0.000293483
124400	0.000292687
124450	0.000292841
124500	0.00029395
124550	0.000292835
124600	0.00029365
124650	0.000293714
124700	0.000294076
124750	0.000295618
124800	0.000293927
124850	0.000293884
124900	0.000294627
124950	0.000294552
125000	0.000295147
125050	0.000294653
125100	0.000297541
125150	0.000294891
125200	0.000295364
125250	0.000296103
125300	0.000294879
125350	0.000298399
125400	0.000295378
125450	0.000298148
125500	0.000296488
125550	0.000296087
125600	0.000295946
125650	0.000296413
125700	0.000297786
125750	0.000295994
125800	0.00029634
125850	0.000296531
125900	0.000296363
125950	0.000297932
126000	0.000297699
126050	0.000297019
126100	0.00029693
126150	0.000298455
126200	0.000297187
126250	0.000297964
126300	0.000297493
126350	0.000297537
126400	0.000299634
126450	0.000298976
126500	0.00029838
126550	0.00029831
126600	0.000301905
126650	0.000298742
126700	0.000298681
126750	0.000299771
126800	0.000298807
126850	0.000300824
126900	0.000301003
126950	0.000298898
127000	0.000299884
127050	0.000299303
127100	0.00030054
127150	0.000299659
127200	0.000299479
127250	0.000301751
127300	0.00030152
127350	0.000299784
127400	0.000300128
127450	0.000302213
127500	0.000300845
127550	0.000302631
127600	0.000300456
127650	0.000302107
127700	0.000302671
127750	0.000301683
127800	0.000301362
127850	0.000301541
127900	0.000301074
127950	0.000301616
128000	0.000302522
128050	0.000301911
128100	0.000305038
128150	0.00030216
128200	0.000302291
128250	0.000302895
128300	0.000302194
128350	0.000302409
128400	0.000305586
128450	0.000303134
128500	0.000303566
128550	0.000304493
128600	0.000303372
128650	0.000303462
128700	0.000306528
128750	0.000303647
128800	0.000306551
128850	0.000303936
128900	0.000303873
128950	0.00030407
129000	0.000304505
129050	0.000304801
129100	0.00030405
129150	0.00030391
129200	0.000304609
129250	0.000304799
129300	0.000305064
129350	0.000306573
129400	0.000307208
129450	0.00030587
129500	0.000306095
129550	0.000305609
129600	0.000308128
129650	0.000305861
129700	0.000305449
129750	0.000305827
129800	0.000306035
129850	0.000305999
129900	0.000307748
129950	0.000309112
130000	0.000307388
130050	0.000308228
130100	0.000307088
130150	0.000306882
130200	0.00030692
130250	0.000307523
130300	0.000306978
130350	0.000308901
130400	0.0003075
130450	0.000307758
130500	0.000308054
130550	0.000309672
130600	0.000309151
130650	0.000307794
130700	0.000308132
130750	0.00030877
130800	0.000313275
130850	0.000310054
130900	0.000309921
130950	0.000309076
131000	0.000309508
131050	0.000309663
131100	0.000309386
131150	0.000309202
131200	0.000311947
131250	0.000313854
131300	0.000310595
131350	0.00031006
131400	0.000312007
131450	0.000311071
131500	0.000311078
131550	0.000310801
131600	0.000310192
131650	0.000311054
131700	0.000310577
131750	0.000311632
131800	0.000313585
131850	0.000310804
131900	0.00031108
131950	0.000311664
132000	0.000311818
132050	0.000314488
132100	0.00031178
132150	0.000313585
132200	0.000315236
132250	0.000311879
132300	0.000312154
132350	0.000312029
132400	0.000312301
132450	0.000315329
132500	0.0003128
132550	0.000313168
132600	0.000315797
132650	0.000313835
132700	0.00031281
132750	0.000313421
132800	0.00031328
132850	0.000314587
132900	0.000314597
132950	0.000313466
133000	0.000314016
133050	0.000314223
133100	0.000315479
133150	0.000314701
133200	0.000314231
133250	0.0003142
133300	0.000315405
133350	0.000314731
133400	0.000317243
133450	0.00031469
133500	0.000315721
133550	0.000316604
133600	0.000317958
133650	0.000318288
133700	0.000315206
133750	0.00031599
133800	0.000315518
133850	0.000316213
133900	0.000315932
133950	0.000315552
134000	0.000317207
134050	0.000318013
134100	0.00031663
134150	0.000316625
134200	0.000317046
134250	0.000316823
134300	0.000316948
134350	0.000317075
134400	0.000317515
134450	0.000317148
134500	0.00031802
134550	0.000317967
134600	0.000318077
134650	0.000317633
134700	0.000320959
134750	0.000319788
134800	0.000319508
134850	0.000318001
134900	0.000321289
134950	0.000319364
135000	0.000319931
135050	0.000318724
135100	0.000319498
135150	0.000318975
135200	0.000318678
135250	0.000319463
135300	0.000322145
135350	0.000326244
135400	0.000319619
135450	0.000319846
135500	0.000320164
135550	0.000319881
135600	0.000320062
135650	0.00032345
135700	0.000320298
135750	0.00031987
135800	0.000320853
135850	0.000320502
135900	0.00032114
135950	0.000322152
136000	0.000322535
136050	0.000321489
136100	0.000321374
136150	0.000321493
136200	0.000321406
136250	0.000324392
136300	0.000321696
136350	0.000321886
136400	0.000323199
136450	0.00032147
136500	0.000322797
136550	0.000324248
136600	0.000322235
136650	0.000322681
136700	0.000325861
136750	0.000322493
136800	0.000322665
136850	0.000324286
136900	0.000324888
136950	0.000323046
137000	0.00032362
137050	0.000323855
137100	0.000323799
137150	0.000326624
137200	0.000324211
137250	0.000323966
137300	0.00032375
137350	0.000328481
137400	0.000327305
137450	0.000324577
137500	0.000325194
137550	0.000324911
137600	0.000325444
137650	0.000324539
137700	0.000324811
137750	0.00032582
137800	0.000326724
137850	0.000324987
137900	0.0003273
137950	0.00033042
138000	0.000326727
138050	0.000324287
138100	0.00032534
138150	0.000325343
138200	0.000326124
138250	0.000330952
138300	0.000326517
138350	0.000326019
138400	0.000327144
138450	0.000326627
138500	0.000327919
138550	0.000330142
138600	0.000328109
138650	0.000327197
138700	0.000328886
138750	0.000328705
138800	0.00032928
138850	0.000329144
138900	0.000328247
138950	0.000328153
139000	0.00032871
139050	0.000328249
139100	0.000328844
139150	0.000328508
139200	0.000329672
139250	0.00033181
139300	0.00033191
139350	0.000328826
139400	0.000329193
139450	0.00032942
139500	0.000329657
139550	0.000329526
139600	0.000330283
139650	0.000332276
139700	0.000330735
139750	0.000332069
139800	0.000330194
139850	0.00033018
139900	0.000333354
139950	0.000333929
140000	0.000331162
140050	0.000330391
140100	0.000332744
140150	0.000330575
140200	0.000330638
140250	0.000331584
140300	0.000331685
140350	0.000331286
140400	0.00033171
140450	0.000338087
140500	0.000332321
140550	0.000332752
140600	0.000335585
140650	0.000331885
140700	0.000331848
140750	0.000333065
140800	0.000335656
140850	0.000332314
140900	0.000332725
140950	0.000332792
141000	0.00033385
141050	0.000337826
141100	0.000333784
141150	0.000333376
141200	0.000333745
141250	0.000334243
141300	0.000336565
141350	0.000333587
141400	0.000333844
141450	0.000333563
141500	0.000334816
141550	0.000334868
141600	0.000334993
141650	0.000334368
141700	0.000334494
141750	0.000334791
141800	0.000337615
141850	0.000334934
141900	0.000338368
141950	0.000335444
142000	0.000335731
142050	0.000336885
142100	0.000335919
142150	0.000335142
142200	0.000339142
142250	0.000335866
142300	0.000336466
142350	0.000339049
142400	0.000342829
142450	0.000338133
142500	0.000337186
142550	0.000337447
142600	0.000336387
142650	0.000336938
142700	0.000337542
142750	0.000337151
142800	0.00033726
142850	0.000340478
142900	0.0003407
142950	0.000338561
143000	0.000338313
143050	0.000338786
143100	0.000338004
143150	0.000338562
143200	0.000339772
143250	0.000339434
143300	0.000338749
143350	0.000339081
143400	0.000340573
143450	0.000338539
143500	0.000340189
143550	0.000338918
143600	0.000339342
143650	0.00033961
143700	0.000342355
143750	0.000339549
143800	0.000339936
143850	0.000341707
143900	0.00033968
143950	0.000339941
144000	0.000340935
144050	0.000340414
144100	0.000343863
144150	0.000340418
144200	0.000343694
144250	0.00034082
144300	0.000343308
144350	0.000341455
144400	0.000341314
144450	0.000344346
144500	0.000341808
144550	0.000342972
144600	0.000343473
144650	0.000341626
144700	0.000343243
144750	0.000343331
144800	0.000346914
144850	0.000345711
144900	0.000342362
144950	0.000343096
145000	0.000342983
145050	0.000343068
145100	0.000343224
145150	0.000342653
145200	0.000346141
145250	0.000348282
145300	0.000343466
145350	0.000343573
145400	0.000344398
145450	0.000342925
145500	0.00034441
145550	0.000347066
145600	0.000344549
145650	0.000344274
145700	0.000346755
145750	0.000344539
145800	0.000345205
145850	0.000345498
145900	0.000344378
145950	0.000346121
146000	0.000346011
146050	0.000348352
146100	0.000345234
146150	0.000347994
146200	0.00034572
146250	0.000345909
146300	0.000346542
146350	0.000345912
146400	0.000345721
146450	0.00034626
146500	0.000347548
146550	0.000347813
146600	0.000347171
146650	0.000348043
146700	0.000346817
146750	0.000346936
146800	0.000346855
146850	0.000346921
146900	0.00034913
146950	0.000351524
147000	0.00034823
147050	0.00035031
147100	0.000351312
147150	0.000351187
147200	0.000348592
147250	0.000347936
147300	0.000347931
147350	0.000348568
147400	0.000351561
147450	0.000348458
147500	0.00034921
147550	0.000350134
147600	0.000348446
147650	0.000348792
147700	0.000349329
147750	0.000349082
147800	0.000349529
147850	0.000349164
147900	0.000352529
147950	0.000349908
148000	0.00035074
148050	0.000349561
148100	0.000350506
148150	0.000350079
148200	0.000350142
148250	0.000353708
148300	0.000350548
148350	0.00035211
148400	0.000352673
148450	0.000354075
148500	0.000351819
148550	0.00035443
148600	0.000351117
148650	0.000351778
148700	0.00035157
148750	0.000353038
148800	0.000353701
148850	0.000353625
148900	0.000353683
148950	0.000352181
149000	0.000495875
149050	0.000352516
149100	0.000350377
149150	0.000349781
149200	0.000350186
149250	0.000353199
149300	0.000349897
149350	0.00035187
149400	0.000351549
149450	0.000350024
149500	0.000351773
149550	0.0003543
149600	0.000350687
149650	0.000351348
149700	0.000351126
149750	0.000350675
149800	0.000351258
149850	0.000351366
149900	0.000355854
149950	0.0003516
150000	0.00035264
150050	0.000351671
150100	0.000352571
150150	0.000352493
150200	0.000351926
150250	0.00035433
150300	0.000355067
150350	0.000352391
150400	0.000352152
150450	0.000353188
150500	0.00035421
150550	0.000353901
150600	0.00035336
150650	0.00035327
150700	0.000352777
150750	0.000356494
150800	0.000355697
150850	0.00035398
150900	0.000354166
150950	0.000353536
151000	0.000354544
151050	0.000354246
151100	0.00035424
151150	0.000354028
151200	0.000354355
151250	0.000357662
151300	0.000355251
151350	0.000355034
151400	0.000354316
151450	0.000355899
151500	0.000355858
151550	0.000358911
151600	0.000355533
151650	0.000358383
151700	0.000356133
151750	0.00036059
151800	0.000358848
151850	0.0003564
151900	0.000356838
151950	0.000355856
152000	0.000356575
152050	0.000356352
152100	0.00035933
152150	0.00036029
152200	0.000357061
152250	0.00035683
152300	0.000357921
152350	0.000357101
152400	0.000357176
152450	0.000357038
152500	0.000358039
152550	0.000358073
152600	0.00035805
152650	0.000359602
152700	0.000358307
152750	0.000358289
152800	0.000359975
152850	0.000359988
152900	0.000358495
152950	0.000361502
153000	0.000359777
153050	0.000359737
153100	0.000358843
153150	0.000359625
153200	0.000359465
153250	0.00035962
153300	0.000359459
153350	0.000359368
153400	0.00036278
153450	0.000361452
153500	0.000360361
153550	0.000361383
153600	0.000361584
153650	0.000360239
153700	0.000360204
153750	0.000363521
153800	0.000360693
153850	0.000361136
153900	0.000362881
153950	0.000360529
154000	0.000362586
154050	0.000361252
154100	0.000361462
154150	0.000364148
154200	0.000361487
154250	0.000361597
154300	0.00036261
154350	0.000361866
154400	0.000360465
154450	0.000361015
154500	0.000362865
154550	0.000362737
154600	0.000362751
154650	0.000364107
154700	0.000364731
154750	0.00036295
154800	0.000362698
154850	0.000363397
154900	0.0003632
154950	0.000363031
155000	0.000364013
155050	0.000369767
155100	0.000367794
155150	0.000364183
155200	0.000367334
155250	0.000366679
155300	0.000364315
155350	0.000364229
155400	0.000365896
155450	0.000365891
155500	0.000365193
155550	0.000367153
155600	0.000365019
155650	0.000365478
155700	0.000368272
155750	0.000365064
155800	0.000365517
155850	0.000365224
155900	0.000365186
155950	0.000368914
156000	0.000366538
156050	0.00036714
156100	0.000366861
156150	0.000365972
156200	0.000369549
156250	0.000373708
156300	0.000368103
156350	0.000369836
156400	0.000371786
156450	0.000370447
156500	0.000367572
156550	0.000366905
156600	0.000367658
156650	0.000367746
156700	0.000373295
156750	0.00036815
156800	0.000371361
156850	0.000368021
156900	0.000368357
156950	0.000368581
157000	0.000369204
157050	0.000374541
157100	0.000368815
157150	0.000369706
157200	0.000369176
157250	0.000369041
157300	0.000371746
157350	0.000370529
157400	0.000371377
157450	0.000370262
157500	0.000371197
157550	0.000370687
157600	0.000369708
157650	0.000369872
157700	0.000373498
157750	0.000370089
157800	0.000373164
157850	0.000370144
157900	0.000370253
157950	0.000372963
158000	0.000371396
158050	0.000370959
158100	0.000371487
158150	0.000371329
158200	0.000371498
158250	0.00037446
158300	0.000372854
158350	0.000371602
158400	0.000372609
158450	0.000374595
158500	0.000377021
158550	0.000375314
158600	0.00037716
158650	0.000385147
158700	0.000373787
158750	0.000374194
158800	0.000379583
158850	0.000372918
158900	0.000373172
158950	0.000373394
159000	0.000375535
159050	0.000376582
159100	0.000377137
159150	0.000379603
159200	0.000381308
159250	0.000377712
159300	0.000377169
159350	0.000376166
159400	0.000375212
159450	0.000376392
159500	0.000379101
159550	0.000387725
159600	0.000378592
159650	0.000380824
159700	0.000379205
159750	0.000380187
159800	0.000381666
159850	0.000378536
159900	0.000377164
159950	0.00037824
160000	0.000379437
160050	0.000376209
160100	0.000381015
160150	0.000375534
160200	0.000376
160250	0.000378357
160300	0.000378278
160350	0.000380383
160400	0.000380051
160450	0.000380009
160500	0.000380337
160550	0.000382759
160600	0.000380544
160650	0.000380062
160700	0.000381987
160750	0.000385683
160800	0.000379755
160850	0.000379603
160900	0.000383318
160950	0.000384783
161000	0.000381059
161050	0.000387607
161100	0.000383183
161150	0.000381575
161200	0.000382216
161250	0.000385183
161300	0.000380723
161350	0.000380209
161400	0.000380328
161450	0.000387134
161500	0.00038148
161550	0.0003803
161600	0.000382799
161650	0.000382059
161700	0.000383142
161750	0.000381475
161800	0.000385264
161850	0.000382871
161900	0.000389482
161950	0.000387671
162000	0.000388008
162050	0.000393415
162100	0.000389569
162150	0.000384731
162200	0.000385692
162250	0.000388765
162300	0.000385219
162350	0.000381965
162400	0.000385174
162450	0.000381504
162500	0.000383525
162550	0.000386496
162600	0.000381716
162650	0.000382482
162700	0.000385044
162750	0.0003865
162800	0.00039332
162850	0.000385838
162900	0.000390701
162950	0.000385791
163000	0.000388471
163050	0.000385503
163100	0.000389172
163150	0.000383993
163200	0.000383209
163250	0.000383612
163300	0.000383593
163350	0.000386509
163400	0.000389592
163450	0.000384117
163500	0.000386794
163550	0.000387278
163600	0.000387821
163650	0.00038736
163700	0.000391425
163750	0.000388355
163800	0.000388253
163850	0.000392338
163900	0.000390019
163950	0.000390411
164000	0.00038861
164050	0.000385908
164100	0.000388835
164150	0.000386917
164200	0.000392144
164250	0.000390015
164300	0.00039014
164350	0.000390355
164400	0.000390086
164450	0.000389819
164500	0.000390986
164550	0.000393435
164600	0.000387727
164650	0.00038715
164700	0.000387051
164750	0.00039251
164800	0.000387722
164850	0.000390837
164900	0.000387747
164950	0.000393938
165000	0.00038979
165050	0.000391119
165100	0.00039078
165150	0.000388122
165200	0.000391723
165250	0.000388371
165300	0.000391625
165350	0.000390045
165400	0.000391162
165450	0.000388929
165500	0.000390393
165550	0.000395558
165600	0.00038928
165650	0.00039243
165700	0.000390948
165750	0.000390205
165800	0.000389986
165850	0.000393192
165900	0.000389947
165950	0.000393637
166000	0.00039227
166050	0.000390305
166100	0.000391163
166150	0.000393775
166200	0.000390791
166250	0.000391596
166300	0.000394791
166350	0.000390935
166400	0.00039166
166450	0.000392859
166500	0.000392474
166550	0.000391058
166600	0.000394703
166650	0.000397143
166700	0.00039322
166750	0.000393049
166800	0.000392471
166850	0.000392987
166900	0.000392409
166950	0.000398042
167000	0.000393821
167050	0.000394414
167100	0.000395166
167150	0.000393347
167200	0.000394028
167250	0.000397937
167300	0.000393684
167350	0.000393963
167400	0.000394447
167450	0.000391861
167500	0.000394801
167550	0.000395673
167600	0.000394379
167650	0.000394386
167700	0.000394598
167750	0.000395775
167800	0.000394685
167850	0.000395671
167900	0.000395172
167950	0.000395296
168000	0.000396133
168050	0.000398525
168100	0.00039707
168150	0.000398689
168200	0.00039613
168250	0.00039617
168300	0.000396114
168350	0.00039924
168400	0.000396115
168450	0.000396342
168500	0.00039701
168550	0.000397289
168600	0.000396958
168650	0.000397179
168700	0.000396615
168750	0.000396938
168800	0.000397581
168850	0.000400339
168900	0.000397438
168950	0.000398525
169000	0.000398281
169050	0.00040115
169100	0.000398281
169150	0.000402141
169200	0.0003978
169250	0.000401537
169300	0.000399479
169350	0.000398397
169400	0.000401862
169450	0.000399717
169500	0.00039915
169550	0.00040396
169600	0.000401692
169650	0.000399362
169700	0.000399884
169750	0.000399642
169800	0.000399366
169850	0.000399694
169900	0.000400628
169950	0.000402244
170000	0.00040054
170050	0.000403425
170100	0.000401882
170150	0.000402118
170200	0.000404851
170250	0.000400289
170300	0.000404096
170350	0.00040596
170400	0.000401059
170450	0.000403674
170500	0.0004015
170550	0.000405015
170600	0.000401738
170650	0.000404841
170700	0.00040565
170750	0.000402523
170800	0.00040294
170850	0.000402037
170900	0.000402247
170950	0.000409001
171000	0.00040469
171050	0.000403101
171100	0.000406008
171150	0.000405014
171200	0.000404423
171250	0.000407604
171300	0.000404806
171350	0.00040655
171400	0.000404
171450	0.000403804
171500	0.000404548
171550	0.000404711
171600	0.000407004
171650	0.000404042
171700	0.000408259
171750	0.000404499
171800	0.000408726
171850	0.000405267
171900	0.000404405
171950	0.000404951
172000	0.00040586
172050	0.000406116
172100	0.000403365
172150	0.000407514
172200	0.000409962
172250	0.00040571
172300	0.00041252
172350	0.00040584
172400	0.000409573
172450	0.000406631
172500	0.000406957
172550	0.000406077
172600	0.000407842
172650	0.000408913
172700	0.000407392
172750	0.000411116
172800	0.000407023
172850	0.000407059
172900	0.000413568
172950	0.000407262
173000	0.000408583
173050	0.000408162
173100	0.00040842
173150	0.000412772
173200	0.000408219
173250	0.000410822
173300	0.000411031
173350	0.000410826
173400	0.000411136
173450	0.000408573
173500	0.000409331
173550	0.000408784
173600	0.000413988
173650	0.000411248
173700	0.000411264
173750	0.000414537
173800	0.000411234
173850	0.000410158
173900	0.000410493
173950	0.000409506
174000	0.000411861
174050	0.000412298
174100	0.000410387
174150	0.000411934
174200	0.000412435
174250	0.000413846
174300	0.000411831
174350	0.000413839
174400	0.0004125
174450	0.000415607
174500	0.000412227
174550	0.000411533
174600	0.000411743
174650	0.000412193
174700	0.000414485
174750	0.00041572
174800	0.000412604
174850	0.000412193
174900	0.000412818
174950	0.000412106
175000	0.000414343
175050	0.000414368
175100	0.000413795
175150	0.000414238
175200	0.000414816
175250	0.000415818
175300	0.000413482
175350	0.000416167
175400	0.000415004
175450	0.000415091
175500	0.000414567
175550	0.000413906
175600	0.000415107
175650	0.000413686
175700	0.000416886
175750	0.000416601
175800	0.000418995
175850	0.000414294
175900	0.000414926
175950	0.000415694
176000	0.000416935
176050	0.000415366
176100	0.000415643
176150	0.00041843
176200	0.000415856
176250	0.000418166
176300	0.00041791
176350	0.000417591
176400	0.000418899
176450	0.000416166
176500	0.000416212
176550	0.000415843
176600	0.000420741
176650	0.000416808
176700	0.000420056
176750	0.000420579
176800	0.000417164
176850	0.000417558
176900	0.000419858
176950	0.000417677
177000	0.000419323
177050	0.000418127
177100	0.000418764
177150	0.000421773
177200	0.000419628
177250	0.000419616
177300	0.000422035
177350	0.00041758
177400	0.000421389
177450	0.000421905
177500	0.000419872
177550	0.00041967
177600	0.000419892
177650	0.000421943
177700	0.000419207
177750	0.000423245
177800	0.000424485
177850	0.00041972
177900	0.000419696
177950	0.000420299
178000	0.000421517
178050	0.000423207
178100	0.000422184
178150	0.000420753
178200	0.00042371
178250	0.000422752
178300	0.000422101
178350	0.000426225
178400	0.000421144
178450	0.000424723
178500	0.00042189
178550	0.000422132
178600	0.000424133
178650	0.000421429
178700	0.000428181
178750	0.000423146
178800	0.000422321
178850	0.000422254
178900	0.000422528
178950	0.000423694
179000	0.000424205
179050	0.000424231
179100	0.000424386
179150	0.000426783
179200	0.000423619
179250	0.000426482
179300	0.000426773
179350	0.000423279
179400	0.000423325
179450	0.000426704
179500	0.000424049
179550	0.000426757
179600	0.000424107
179650	0.000429176
179700	0.000424159
179750	0.000424636
179800	0.000424557
179850	0.000424373
179900	0.000424803
179950	0.000428032
180000	0.000425975
180050	0.000426451
180100	0.000428922
180150	0.000425615
180200	0.00042908
180250	0.000429142
180300	0.000425409
180350	0.000427133
180400	0.000427799
180450	0.000425669
180500	0.000426429
180550	0.000426079
180600	0.000432269
180650	0.000428789
180700	0.000428329
180750	0.000427027
180800	0.000427052
180850	0.00042719
180900	0.000429976
180950	0.000427464
181000	0.000428111
181050	0.00042917
181100	0.000430173
181150	0.000429008
181200	0.000430822
181250	0.000428898
181300	0.000431474
181350	0.000427894
181400	0.000428415
181450	0.000428036
181500	0.000428949
181550	0.000432264
181600	0.00042963
181650	0.000428393
181700	0.000429434
181750	0.000429269
181800	0.000430492
181850	0.000430755
181900	0.000431181
181950	0.000429375
182000	0.000431334
182050	0.000433112
182100	0.000432067
182150	0.000431922
182200	0.000432504
182250	0.000432894
182300	0.000429863
182350	0.00043046
182400	0.000430639
182450	0.000429649
182500	0.000431524
182550	0.000433945
182600	0.000432308
182650	0.000430568
182700	0.0004322
182750	0.000434572
182800	0.00043133
182850	0.000431756
182900	0.000432389
182950	0.000434804
183000	0.000433726
183050	0.000435223
183100	0.000433402
183150	0.000435713
183200	0.000432904
183250	0.000433855
183300	0.000432998
183350	0.000432625
183400	0.000434522
183450	0.000432552
183500	0.000433953
183550	0.00043371
183600	0.000434367
183650	0.00043673
183700	0.000433838
183750	0.000434816
183800	0.000434023
183850	0.000436834
183900	0.000434343
183950	0.000435174
184000	0.000436175
184050	0.000437981
184100	0.000435259
184150	0.000435317
184200	0.000435789
184250	0.000434999
184300	0.000435443
184350	0.000437315
184400	0.000434892
184450	0.000435995
184500	0.00043648
184550	0.000439667
184600	0.000436169
184650	0.000439764
184700	0.000436742
184750	0.000439587
184800	0.000440552
184850	0.000437559
184900	0.000436605
184950	0.000436908
185000	0.000439448
185050	0.000440363
185100	0.000438548
185150	0.000437523
185200	0.000438079
185250	0.00043944
185300	0.000437457
185350	0.00043814
185400	0.000441042
185450	0.000438343
185500	0.000440193
185550	0.000438506
185600	0.000439658
185650	0.000442142
185700	0.00043931
185750	0.000439932
185800	0.000439168
185850	0.000439779
185900	0.000439214
185950	0.000440948
186000	0.000442271
186050	0.000440047
186100	0.000441633
186150	0.0004436
186200	0.000440632
186250	0.00044018
186300	0.000441092
186350	0.000441107
186400	0.000440634
186450	0.000443367
186500	0.000441958
186550	0.000441221
186600	0.0004424
186650	0.000440479
186700	0.000441247
186750	0.000442021
186800	0.000441482
186850	0.000448967
186900	0.000447995
186950	0.000441976
187000	0.000443728
187050	0.000442725
187100	0.000446626
187150	0.000442137
187200	0.000442834
187250	0.00044407
187300	0.000444269
187350	0.000444455
187400	0.000443319
187450	0.000446395
187500	0.000444308
187550	0.000442903
187600	0.000443466
187650	0.000445238
187700	0.000449381
187750	0.000446921
187800	0.000444023
187850	0.00044526
187900	0.00044741
187950	0.000448469
188000	0.000445924
188050	0.000445122
188100	0.000445739
188150	0.000444982
188200	0.000450851
188250	0.000445285
188300	0.000449208
188350	0.000446291
188400	0.0004456
188450	0.000445788
188500	0.000446132
188550	0.000451006
188600	0.000448396
188650	0.000450033
188700	0.000447591
188750	0.000450215
188800	0.000449331
188850	0.000449739
188900	0.000450817
188950	0.000446882
189000	0.000447794
189050	0.000450256
189100	0.000451085
189150	0.000450995
189200	0.00044592
189250	0.000446379
189300	0.000451433
189350	0.000450406
189400	0.000449266
189450	0.000448098
189500	0.000449516
189550	0.00044909
189600	0.000452215
189650	0.000451186
189700	0.000452431
189750	0.00044959
189800	0.000452181
189850	0.000449095
189900	0.000453934
189950	0.000447882
190000	0.000450371
190050	0.000449818
190100	0.000449477
190150	0.000450782
190200	0.000453202
190250	0.000449568
190300	0.000450711
190350	0.000451282
190400	0.000453449
190450	0.000450279
190500	0.000452191
190550	0.00045706
190600	0.000451844
190650	0.000450849
190700	0.000454326
190750	0.000452641
190800	0.000451902
190850	0.000452398
190900	0.000451776
190950	0.000452224
191000	0.000452767
191050	0.000455536
191100	0.000452028
191150	0.000452283
191200	0.000454731
191250	0.000454242
191300	0.000452672
191350	0.000453688
191400	0.000456439
191450	0.000452509
191500	0.000454751
191550	0.000456383
191600	0.000454699
191650	0.000453154
191700	0.000453542
191750	0.000455232
191800	0.000454268
191850	0.00045479
191900	0.000454044
191950	0.000454838
192000	0.000455815
192050	0.000458601
192100	0.000454695
192150	0.000455819
192200	0.000454724
192250	0.000454895
192300	0.000455856
192350	0.000455732
192400	0.000459991
192450	0.000457285
192500	0.000457299
192550	0.000456629
192600	0.000456627
192650	0.000457151
192700	0.000457706
192750	0.000456808
192800	0.000456414
192850	0.000459672
192900	0.000457159
192950	0.000457299
193000	0.000458419
193050	0.000457119
193100	0.000457137
193150	0.000458398
193200	0.000460754
193250	0.000460976
193300	0.000458396
193350	0.000461707
193400	0.000459136
193450	0.000462162
193500	0.000458753
193550	0.000459612
193600	0.000460203
193650	0.000460504
193700	0.000459611
193750	0.000460721
193800	0.000462561
193850	0.000458839
193900	0.000460664
193950	0.000462433
194000	0.00046029
194050	0.000463315
194100	0.000460812
194150	0.000462153
194200	0.00046145
194250	0.000464782
194300	0.000462388
194350	0.000460769
194400	0.000460868
194450	0.000460004
194500	0.000461891
194550	0.000463159
194600	0.000465122
194650	0.000460715
194700	0.000462893
194750	0.000465042
194800	0.000461139
194850	0.000462599
194900	0.000462938
194950	0.000465125
195000	0.00046318
195050	0.000468463
195100	0.000464011
195150	0.000463363
195200	0.000462597
195250	0.000463644
195300	0.00046302
195350	0.000462919
195400	0.000463022
195450	0.000462843
195500	0.000464866
195550	0.000467167
195600	0.000464393
195650	0.000463644
195700	0.00046615
195750	0.000465836
195800	0.000463952
195850	0.000464975
195900	0.000464414
195950	0.000463506
196000	0.000466463
196050	0.000465792
196100	0.000465743
196150	0.000464387
196200	0.00046583
196250	0.000465227
196300	0.000471025
196350	0.000466416
196400	0.000466818
196450	0.000467528
196500	0.000467192
196550	0.000466253
196600	0.00046715
196650	0.000466911
196700	0.000466222
196750	0.000465714
196800	0.000467247
196850	0.00047077
196900	0.000469951
196950	0.000467001
197000	0.000467837
197050	0.000467183
197100	0.000467523
197150	0.000470699
197200	0.00046803
197250	0.000469215
197300	0.000470836
197350	0.000469417
197400	0.000468332
197450	0.000470245
197500	0.000469158
197550	0.000468694
197600	0.000472249
197650	0.000471611
197700	0.000468975
197750	0.000472628
197800	0.000472705
197850	0.000473261
197900	0.000471238
197950	0.000469783
198000	0.000469844
198050	0.000473107
198100	0.000471093
198150	0.000470647
198200	0.00047331
198250	0.000469872
198300	0.000472297
198350	0.000473553
198400	0.000470778
198450	0.000470702
198500	0.00047191
198550	0.00047531
198600	0.00047376
198650	0.000475406
198700	0.000471872
198750	0.00047169
198800	0.000470764
198850	0.000472059
198900	0.000472206
198950	0.000470961
199000	0.000473078
199050	0.000472902
199100	0.000476519
199150	0.000471933
199200	0.000478323
199250	0.000475202
199300	0.000475168
199350	0.000472751
199400	0.000473796
199450	0.00047333
199500	0.000475314
199550	0.00047287
199600	0.000474589
199650	0.000474645
199700	0.000473651
199750	0.000473809
199800	0.000475048
199850	0.000473745
199900	0.000473852
199950	0.0004748
200000	0.000476443
200050	0.000476491
200100	0.000475584
200150	0.000476973
200200	0.000475644
200250	0.000474256
200300	0.000476044
200350	0.000478591
200400	0.000479236
200450	0.000475982
200500	0.000477357
200550	0.00047578
200600	0.0004773
200650	0.000476441
200700	0.000476342
200750	0.000476628
200800	0.000479722
200850	0.00048018
200900	0.000476766
200950	0.000480109
201000	0.000477858
201050	0.000480729
201100	0.000483109
201150	0.000477828
201200	0.000478899
201250	0.000481391
201300	0.000478003
201350	0.000484076
201400	0.000479108
201450	0.00047906
201500	0.000478673
201550	0.000480354
201600	0.000481692
201650	0.000480429
201700	0.000482326
201750	0.00047967
201800	0.000483
201850	0.000479081
201900	0.000479626
201950	0.000480609
202000	0.000481245
202050	0.000485292
202100	0.000482649
202150	0.000481434
202200	0.000481029
202250	0.000480866
202300	0.000480992
202350	0.00048097
202400	0.000477646
202450	0.00047973
202500	0.000482554
202550	0.000481744
202600	0.000481374
202650	0.000482315
202700	0.00048528
202750	0.000481311
202800	0.000482595
202850	0.000481654
202900	0.000481704
202950	0.000484247
203000	0.000484107
203050	0.000485344
203100	0.000482532
203150	0.000482604
203200	0.000483737
203250	0.000482341
203300	0.000482367
203350	0.000483583
203400	0.000483796
203450	0.000484807
203500	0.000485171
203550	0.000483602
203600	0.000485052
203650	0.000483291
203700	0.000486722
203750	0.00048751
203800	0.000485166
203850	0.000484851
203900	0.00048935
203950	0.000485975
204000	0.000485479
204050	0.000485447
204100	0.000487616
204150	0.000487945
204200	0.000485388
204250	0.000485523
204300	0.000485422
204350	0.000487541
204400	0.000490257
204450	0.000488064
204500	0.000486645
204550	0.000486846
204600	0.000488719
204650	0.000488146
204700	0.000493576
204750	0.000487107
204800	0.000489818
204850	0.000485748
204900	0.000487007
204950	0.000486831
205000	0.000488044
205050	0.000490849
205100	0.00048954
205150	0.000493171
205200	0.000488118
205250	0.000489391
205300	0.000491469
205350	0.000488004
205400	0.000491543
205450	0.000487771
205500	0.000490204
205550	0.000488018
205600	0.000490018
205650	0.000489052
205700	0.000489081
205750	0.000491382
205800	0.000490468
205850	0.00048932
205900	0.000491613
205950	0.000488579
206000	0.000491677
206050	0.000489214
206100	0.000491702
206150	0.000490949
206200	0.000490182
206250	0.000489894
206300	0.000494595
206350	0.000493762
206400	0.000489616
206450	0.000491202
206500	0.000492432
206550	0.000491224
206600	0.000493458
206650	0.000494143
206700	0.000491573
206750	0.000494809
206800	0.000493285
206850	0.000493187
206900	0.00049283
206950	0.000493327
207000	0.000493864
207050	0.000495974
207100	0.000493087
207150	0.000492438
207200	0.000497233
207250	0.000499696
207300	0.000494623
207350	0.000493657
207400	0.000493104
207450	0.000493088
207500	0.000494003
207550	0.000494081
207600	0.000501041
207650	0.000496915
207700	0.000495364
207750	0.000494749
207800	0.000495137
207850	0.000501447
207900	0.000495083
207950	0.000495213
208000	0.000497066
208050	0.000495182
208100	0.000496757
208150	0.000494598
208200	0.000495855
208250	0.000495342
208300	0.000496357
208350	0.000495781
208400	0.000495235
208450	0.000496573
208500	0.000497533
208550	0.000499556
208600	0.000497259
208650	0.000496492
208700	0.000497117
208750	0.000496392
208800	0.000499754
208850	0.000501858
208900	0.000497175
208950	0.000497246
209000	0.000498471
209050	0.000497087
209100	0.000498262
209150	0.000497906
209200	0.000497363
209250	0.000500362
209300	0.000500531
209350	0.000498312
209400	0.000498142
209450	0.000503807
209500	0.000500638
209550	0.000499225
209600	0.000500177
209650	0.000499123
209700	0.000503124
209750	0.000505205
209800	0.000500405
209850	0.000500844
209900	0.000498806
209950	0.000499855
210000	0.000500395
210050	0.000499428
210100	0.000504716
210150	0.000503127
210200	0.000501408
210250	0.000500302
210300	0.000504211
210350	0.000501252
210400	0.000503632
210450	0.000503499
210500	0.000503103
210550	0.000500342
210600	0.000502864
210650	0.000502145
210700	0.000502231
210750	0.00050355
210800	0.000501213
210850	0.000502161
210900	0.000502708
210950	0.000501424
211000	0.000504091
211050	0.000505365
211100	0.000505728
211150	0.000505986
211200	0.000503841
211250	0.00050528
211300	0.000509457
211350	0.000503244
211400	0.000503865
211450	0.000505303
211500	0.000504663
211550	0.000504278
211600	0.000504081
211650	0.000503805
211700	0.000507919
211750	0.000504912
211800	0.000504847
211850	0.000504124
211900	0.000510649
211950	0.000506412
212000	0.000506392
212050	0.000505685
212100	0.000508959
212150	0.000508586
212200	0.000509487
212250	0.000507784
212300	0.000506428
212350	0.000505837
212400	0.000506587
212450	0.000506155
212500	0.000507301
212550	0.000510926
212600	0.00050719
212650	0.000507133
212700	0.00050739
212750	0.000511181
212800	0.000506788
212850	0.000506978
212900	0.000508014
212950	0.000507343
213000	0.000510261
213050	0.000507958
213100	0.000508575
213150	0.000511963
213200	0.00051096
213250	0.00050924
213300	0.000508944
213350	0.000508164
213400	0.000508342
213450	0.000512205
213500	0.000510509
213550	0.000508865
213600	0.00050959
213650	0.000512967
213700	0.000516094
213750	0.000510038
213800	0.000510017
213850	0.000512973
213900	0.000512398
213950	0.000515324
214000	0.000510725
214050	0.000513316
214100	0.000516657
214150	0.00051003
214200	0.00051152
214250	0.000518158
214300	0.000513988
214350	0.000510725
214400	0.000512683
214450	0.00051358
214500	0.00051693
214550	0.000527243
214600	0.000519223
214650	0.00051791
214700	0.000516749
214750	0.000513631
214800	0.000512721
214850	0.000512358
214900	0.000513718
214950	0.000511413
215000	0.000518205
215050	0.000516566
215100	0.000520454
215150	0.000523059
215200	0.00052486
215250	0.00051545
215300	0.000519099
215350	0.000524864
215400	0.000518
215450	0.000521238
215500	0.00052184
215550	0.000519086
215600	0.000516705
215650	0.000518391
215700	0.000513712
215750	0.000518586
215800	0.000517197
215850	0.000520024
215900	0.000516107
215950	0.000521928
216000	0.000520916
216050	0.000522545
216100	0.000525253
216150	0.000521625
216200	0.000526973
216250	0.000525112
216300	0.000529294
216350	0.000517962
216400	0.000521502
216450	0.000516855
216500	0.000520938
216550	0.000525413
216600	0.000520626
216650	0.000527264
216700	0.0005242
216750	0.00052154
216800	0.000526094
216850	0.000531693
216900	0.000524646
216950	0.000521958
217000	0.000525436
217050	0.000521328
217100	0.000531718
217150	0.00052226
217200	0.00052125
217250	0.000522531
217300	0.000520235
217350	0.000518917
217400	0.000521964
217450	0.000519285
217500	0.000522573
217550	0.000522412
217600	0.000526714
217650	0.000531544
217700	0.000526709
217750	0.000525404
217800	0.000524612
217850	0.000530358
217900	0.000532695
217950	0.000528892
218000	0.000524818
218050	0.000524491
218100	0.00052476
218150	0.00052136
218200	0.000531248
218250	0.000530021
218300	0.000528286
218350	0.000529384
218400	0.000526589
218450	0.000528471
218500	0.000530569
218550	0.00052788
218600	0.000529053
218650	0.000527603
218700	0.000525788
218750	0.000534322
218800	0.000530185
218850	0.00052658
218900	0.000527647
218950	0.000534958
219000	0.000531773
219050	0.000537719
219100	0.000525993
219150	0.00052338
219200	0.000524711
219250	0.000530288
219300	0.0005272
219350	0.000534216
219400	0.000524866
219450	0.000526988
219500	0.000528257
219550	0.000523621
219600	0.000524883
219650	0.000528683
219700	0.000531221
219750	0.000524484
219800	0.000530122
219850	0.000529982
219900	0.000527281
219950	0.000525652
220000	0.000528518
220050	0.000528358
220100	0.00053405
220150	0.000526281
220200	0.000531713
220250	0.000528532
220300	0.000526691
220350	0.000525374
220400	0.000527317
220450	0.000525922
220500	0.000528265
220550	0.000527894
220600	0.00053601
220650	0.000529961
220700	0.000528278
220750	0.000527342
220800	0.00052724
220850	0.000528073
220900	0.00053302
220950	0.000532374
221000	0.00052994
221050	0.000527133
221100	0.000533168
221150	0.000528096
221200	0.000528762
221250	0.000528141
221300	0.000532258
221350	0.000529954
221400	0.000529689
221450	0.000531028
221500	0.000531369
221550	0.000532892
221600	0.000532658
221650	0.000529226
221700	0.000534096
221750	0.000534386
221800	0.00052966
221850	0.000532073
221900	0.000533725
221950	0.000528968
222000	0.000530949
222050	0.000536174
222100	0.000532911
222150	0.000533377
222200	0.000534756
222250	0.000531756
222300	0.000534323
222350	0.000530849
222400	0.000529281
222450	0.000532212
222500	0.000534366
222550	0.000531889
222600	0.00053396
222650	0.000532916
222700	0.000532526
222750	0.00053283
222800	0.000531908
222850	0.000532085
222900	0.000536108
222950	0.000533604
223000	0.000534459
223050	0.00053684
223100	0.000537075
223150	0.000536398
223200	0.00053607
223250	0.000538068
223300	0.000536588
223350	0.000539886
223400	0.000534666
223450	0.000537667
223500	0.000538604
223550	0.000535037
223600	0.000536442
223650	0.000539386
223700	0.000537083
223750	0.00053634
223800	0.000542097
223850	0.00053812
223900	0.000537134
223950	0.000534829
224000	0.000538315
224050	0.000539254
224100	0.000535445
224150	0.000540192
224200	0.000538074
224250	0.000538977
224300	0.000537411
224350	0.000539096
224400	0.000534847
224450	0.000535681
224500	0.000539435
224550	0.000537137
224600	0.000539057
224650	0.000543992
224700	0.000538453
224750	0.000541475
224800	0.000541128
224850	0.000537395
224900	0.000542631
224950	0.00054088
225000	0.000539458
225050	0.000541158
225100	0.000538327
225150	0.000541733
225200	0.00054175
225250	0.000541574
225300	0.000545256
225350	0.000541225
225400	0.000540948
225450	0.000541117
225500	0.000542085
225550	0.000542357
225600	0.000542977
225650	0.000539062
225700	0.000540255
225750	0.000541348
225800	0.000543417
225850	0.000539809
225900	0.00054223
225950	0.000539417
226000	0.000542867
226050	0.000540711
226100	0.000541041
226150	0.000542477
226200	0.000550704
226250	0.000540835
226300	0.000543962
226350	0.000544485
226400	0.000541512
226450	0.000548954
226500	0.000543517
226550	0.000542933
226600	0.000545677
226650	0.000542044
226700	0.00054553
226750	0.000545484
226800	0.00054659
226850	0.000544142
226900	0.000545231
226950	0.000545578
227000	0.000546213
227050	0.000543248
227100	0.000547411
227150	0.00054683
227200	0.0005437
227250	0.000544043
227300	0.000545598
227350	0.000544063
227400	0.000544277
227450	0.000547913
227500	0.000546725
227550	0.000545537
227600	0.000544708
227650	0.000544868
227700	0.000548365
227750	0.000549575
227800	0.000546021
227850	0.000546018
227900	0.000548589
227950	0.000545127
228000	0.000548031
228050	0.000547902
228100	0.000547137
228150	0.000549894
228200	0.000547287
228250	0.00054805
228300	0.000549834
228350	0.000549677
228400	0.000548897
228450	0.000549556
228500	0.000548948
228550	0.000550408
228600	0.000551561
228650	0.000549404
228700	0.000549356
228750	0.000547043
228800	0.000550337
228850	0.00054672
228900	0.00054848
228950	0.000549275
229000	0.000550733
229050	0.00055085
229100	0.000548157
229150	0.000547879
229200	0.000551157
229250	0.000555653
229300	0.000550757
229350	0.000551254
229400	0.000552442
229450	0.000548438
229500	0.000550738
229550	0.000549012
229600	0.000555304
229650	0.000553221
229700	0.000550659
229750	0.000551538
229800	0.000553816
229850	0.000553649
229900	0.000552804
229950	0.00055587
230000	0.000552952
230050	0.000554065
230100	0.000553035
230150	0.00055511
230200	0.000551944
230250	0.000550805
230300	0.000553111
230350	0.00055118
230400	0.000552891
230450	0.000553151
230500	0.000554321
230550	0.000553806
230600	0.000552118
230650	0.000552563
230700	0.000556077
230750	0.00055729
230800	0.000553765
230850	0.000556112
230900	0.000558314
230950	0.000551537
231000	0.000554996
231050	0.000555238
231100	0.000555914
231150	0.000560152
231200	0.000554728
231250	0.000555697
231300	0.000557311
231350	0.000557731
231400	0.000556915
231450	0.000557208
231500	0.00055653
231550	0.000558084
231600	0.000556676
231650	0.000556238
231700	0.000554868
231750	0.000555194
231800	0.000559553
231850	0.000554958
231900	0.000557166
231950	0.000558318
232000	0.000558131
232050	0.000556078
232100	0.000556154
232150	0.000557491
232200	0.000560302
232250	0.000559601
232300	0.000559838
232350	0.00056064
232400	0.000557671
232450	0.000557976
232500	0.000560005
232550	0.000558738
232600	0.000561592
232650	0.000557512
232700	0.000566931
232750	0.000564907
232800	0.000558197
232850	0.000562786
232900	0.000562359
232950	0.000559247
233000	0.000560859
233050	0.000559463
233100	0.000560605
233150	0.000557927
233200	0.000559247
233250	0.000562193
233300	0.000559139
233350	0.000560264
233400	0.000561684
233450	0.000558683
233500	0.00056202
233550	0.000558589
233600	0.00056155
233650	0.00056587
233700	0.000563828
233750	0.000563121
233800	0.000564662
233850	0.000559673
233900	0.000562137
233950	0.000565759
234000	0.000561957
234050	0.00056447
234100	0.000561402
234150	0.000562361
234200	0.000565786
234250	0.000564282
234300	0.00056706
234350	0.000565414
234400	0.000563591
234450	0.000562788
234500	0.000564382
234550	0.000565321
234600	0.000562452
234650	0.000561895
234700	0.000564886
234750	0.000563631
234800	0.000565048
234850	0.000563895
234900	0.000563133
234950	0.000563791
235000	0.000566478
235050	0.000570202
235100	0.000570142
235150	0.000566058
235200	0.00056653
235250	0.000567401
235300	0.000564164
235350	0.000567454
235400	0.00056909
235450	0.000569358
235500	0.00056675
235550	0.000567247
235600	0.000568884
235650	0.000565017
235700	0.000569498
235750	0.00056952
235800	0.000569065
235850	0.000567932
235900	0.000566872
235950	0.000563783
236000	0.000568879
236050	0.000565023
236100	0.000567963
236150	0.000566184
236200	0.000568073
236250	0.000568279
236300	0.00056998
236350	0.000566064
236400	0.000572149
236450	0.000572549
236500	0.000570606
236550	0.000570618
236600	0.000570665
236650	0.000571826
236700	0.000567341
236750	0.000569494
236800	0.000574322
236850	0.000569417
236900	0.00057255
236950	0.00056941
237000	0.000570848
237050	0.000570936
237100	0.00057189
237150	0.000570846
237200	0.000572749
237250	0.000573998
237300	0.000573857
237350	0.000570655
237400	0.000575382
237450	0.00057387
237500	0.000573012
237550	0.000570047
237600	0.000572722
237650	0.000570561
237700	0.000571025
237750	0.000570955
237800	0.000571802
237850	0.000573472
237900	0.000573031
237950	0.000575227
238000	0.000574477
238050	0.000575497
238100	0.000571919
238150	0.000574789
238200	0.000575842
238250	0.000573439
238300	0.000580764
238350	0.000571886
238400	0.000572764
238450	0.000577165
238500	0.000574624
238550	0.000573299
238600	0.000576495
238650	0.000575839
238700	0.000575593
238750	0.000573542
238800	0.000578667
238850	0.000577057
238900	0.000574508
238950	0.000576239
239000	0.000575453
239050	0.000576114
239100	0.000573417
239150	0.000576656
239200	0.000577154
239250	0.000578123
239300	0.000577054
239350	0.000578658
239400	0.000574593
239450	0.000579796
239500	0.000578077
239550	0.000579294
239600	0.000580069
239650	0.000577363
239700	0.000576945
239750	0.000574051
239800	0.00057802
239850	0.000575121
239900	0.000576701
239950	0.000578056
240000	0.000578642
240050	0.00057813
240100	0.000576336
240150	0.000580482
240200	0.000582824
240250	0.000580702
240300	0.000581149
240350	0.000580713
240400	0.000577862
240450	0.000579407
240500	0.000578898
240550	0.000578374
240600	0.000581635
240650	0.000581182
240700	0.000582222
240750	0.0005769
240800	0.000582547
240850	0.000582422
240900	0.00058082
240950	0.000581504
241000	0.000581387
241050	0.000581148
241100	0.000582049
241150	0.000579932
241200	0.000580135
241250	0.000579925
241300	0.000583888
241350	0.00057954
241400	0.000579066
241450	0.000578891
241500	0.000582776
241550	0.000585623
241600	0.000585077
241650	0.000584788
241700	0.000588041
241750	0.000579495
241800	0.000583418
241850	0.000584567
241900	0.000585048
241950	0.0005835
242000	0.000582884
242050	0.000585374
242100	0.000581226
242150	0.000585054
242200	0.000588105
242250	0.000582012
242300	0.000585824
242350	0.000583407
242400	0.000582027
242450	0.000586631
242500	0.000585741
242550	0.000583614
242600	0.000584248
242650	0.0005857
242700	0.000583789
242750	0.000582698
242800	0.000585453
242850	0.000586291
242900	0.00058497
242950	0.000588555
243000	0.000586422
243050	0.00059108
243100	0.000586338
243150	0.000588756
243200	0.00058917
243250	0.000586234
243300	0.000587033
243350	0.000582991
243400	0.000587451
243450	0.00058512
243500	0.000587088
243550	0.00058878
243600	0.000588369
243650	0.00058636
243700	0.000585081
243750	0.000588908
243800	0.000592131
243850	0.000584764
243900	0.000592441
243950	0.000589408
244000	0.000588916
244050	0.000585712
244100	0.00058934
244150	0.000590276
244200	0.000587557
244250	0.000589583
244300	0.000588718
244350	0.000585939
244400	0.000594909
244450	0.000591524
244500	0.000590765
244550	0.000590387
244600	0.000591066
244650	0.000587672
244700	0.000589083
244750	0.000589312
244800	0.000589681
244850	0.000592891
244900	0.000589689
244950	0.000586995
245000	0.000591972
245050	0.000590377
245100	0.000597294
245150	0.000590214
245200	0.000593931
245250	0.000593089
245300	0.00058947
245350	0.000589674
245400	0.00059692
245450	0.000594288
245500	0.000591911
245550	0.000593429
245600	0.000594556
245650	0.000589666
245700	0.00059654
245750	0.000598003
245800	0.000593597
245850	0.000595444
245900	0.000591265
245950	0.000594725
246000	0.000594672
246050	0.000593005
246100	0.000592177
246150	0.000594487
246200	0.000594412
246250	0.000590799
246300	0.000598156
246350	0.00059571
246400	0.000593956
246450	0.000598075
246500	0.000595461
246550	0.000596981
246600	0.000593438
246650	0.000596
246700	0.000601727
246750	0.000598641
246800	0.000595386
246850	0.000592535
246900	0.000595442
246950	0.000593979
247000	0.000596076
247050	0.000598071
247100	0.000598176
247150	0.000594496
247200	0.000594359
247250	0.000601027
247300	0.000599376
247350	0.00059495
247400	0.000604071
247450	0.000595305
247500	0.000597348
247550	0.00059613
247600	0.000598549
247650	0.000597893
247700	0.000599298
247750	0.000601611
247800	0.000596536
247850	0.000596998
247900	0.000602231
247950	0.000597895
248000	0.000599103
248050	0.000599967
248100	0.000600295
248150	0.000596465
248200	0.000600358
248250	0.000597739
248300	0.00059988
248350	0.000598068
248400	0.000597151
248450	0.000599597
248500	0.000600542
248550	0.000605845
248600	0.000598086
248650	0.000601454
248700	0.000603466
248750	0.000599619
248800	0.000604401
248850	0.000601806
248900	0.000601477
248950	0.000599805
249000	0.000601195
249050	0.000599091
249100	0.000601523
249150	0.000603494
249200	0.00060363
249250	0.000602638
249300	0.00060159
249350	0.000599849
249400	0.0006051
249450	0.000604546
249500	0.000603504
249550	0.000602647
249600	0.000602546
249650	0.000599815
249700	0.000603156
249750	0.000605476
249800	0.000602777
249850	0.000608912
249900	0.000603957
249950	0.000601512
250000	0.000605003
250050	0.000605252
250100	0.000606188
250150	0.000604441
250200	0.000604118
250250	0.000602225
250300	0.000605532
250350	0.000606548
250400	0.000604021
250450	0.000610292
250500	0.000605496
