50	7.006e-06
150	7.733e-06
250	6.225e-06
350	3.515e-06
450	8.676e-06
550	4.16e-06
650	4.848e-06
750	5.199e-06
850	1.1858e-05
900	6.88625e-06
950	7.98e-06
1000	8.221e-06
1050	8.424e-06
1100	8.634e-06
1150	8.933e-06
1200	9.162e-06
1250	9.463e-06
1300	9.818e-06
1350	1.07744e-05
1400	1.2109e-05
1450	1.2235e-05
1500	2.3234e-05
1550	1.362e-05
1600	1.3513e-05
1650	1.3878e-05
1700	1.3963e-05
1750	1.449e-05
1800	1.83841e-05
1850	1.7117e-05
1900	1.7366e-05
1950	1.7589e-05
2000	1.8548e-05
2050	1.8565e-05
2100	1.8476e-05
2150	1.8865e-05
2200	1.934e-05
2250	2.10499e-05
2300	2.2298e-05
2350	2.2639e-05
2400	2.2862e-05
2450	2.3302e-05
2500	2.3711e-05
2550	2.3974e-05
2600	2.43e-05
2650	2.4619e-05
2700	2.67052e-05
2750	2.7699e-05
2800	2.8089e-05
2850	2.8452e-05
2900	2.8738e-05
2950	4.8274e-05
3000	3.0006e-05
3050	3.0283e-05
3100	3.0667e-05
3150	3.65039e-05
3200	3.4191e-05
3250	3.4592e-05
3300	3.5124e-05
3350	3.5372e-05
3400	3.5845e-05
3450	3.6078e-05
3500	3.676e-05
3550	3.702e-05
3600	3.97722e-05
3650	4.1059e-05
3700	4.1717e-05
3750	4.1998e-05
3800	4.2136e-05
3850	4.3045e-05
3900	4.3401e-05
3950	4.3803e-05
4000	4.4183e-05
4050	4.70544e-05
4100	4.8483e-05
4150	4.8901e-05
4200	4.9415e-05
4250	4.9773e-05
4300	5.0409e-05
4350	5.0736e-05
4400	5.1163e-05
4450	5.1535e-05
4500	5.48614e-05
4550	5.6304e-05
4600	5.6833e-05
4650	5.7188e-05
4700	8.6594e-05
4750	5.8365e-05
4800	5.8745e-05
4850	5.9356e-05
4900	5.9797e-05
4950	6.33961e-05
5000	6.4838e-05
5050	6.5274e-05
5100	6.5824e-05
5150	6.6419e-05
5200	6.679e-05
5250	6.7382e-05
5300	6.7914e-05
5350	6.8428e-05
5400	7.2434e-05
5450	7.3693e-05
5500	7.4228e-05
5550	7.4935e-05
5600	7.5364e-05
5650	7.5982e-05
5700	7.6559e-05
5750	7.7118e-05
5800	7.7637e-05
5850	8.87688e-05
5900	8.6131e-05
5950	8.6953e-05
6000	8.7855e-05
6050	0.000124774
6100	8.9325e-05
6150	0.000101279
6200	8.7339e-05
6250	8.7672e-05
6300	9.22438e-05
6350	9.5379e-05
6400	9.426e-05
6450	9.4973e-05
6500	9.5504e-05
6550	9.6339e-05
6600	9.7029e-05
6650	0.000128623
6700	9.8297e-05
6750	0.000102876
6800	0.000104389
6850	0.000105122
6900	0.000105801
6950	0.000106593
7000	0.000107073
7050	0.000107703
7100	0.000108458
7150	0.00010896
7200	0.000116591
7250	0.000115798
7300	0.000116551
7350	0.000117371
7400	0.000117932
7450	0.000118583
7500	0.000119308
7550	0.000120155
7600	0.000120712
7650	0.00012846
7700	0.000127804
7750	0.000128576
7800	0.000129222
7850	0.000158063
7900	0.0001308
7950	0.00013145
8000	0.000132072
8050	0.000132812
8100	0.00013859
8150	0.000140293
8200	0.000141085
8250	0.000141887
8300	0.000142672
8350	0.000143253
8400	0.00014414
8450	0.000144718
8500	0.000176281
8550	0.000151585
8600	0.000153291
8650	0.000153962
8700	0.000154785
8750	0.000155525
8800	0.000156348
8850	0.000157089
8900	0.00017519
8950	0.000163457
9000	0.000169709
9050	0.000171239
9100	0.000171936
9150	0.000172966
9200	0.000173727
9250	0.000174547
9300	0.000175318
9350	0.00017628
9400	0.000177279
9450	0.000181778
9500	0.00018104
9550	0.00018215
9600	0.000183024
9650	0.000183819
9700	0.000184969
9750	0.000185831
9800	0.000217554
9850	0.000187676
9900	0.000197214
9950	0.000196888
10000	0.000197635
10050	0.000198774
10100	0.000227607
10150	0.000200385
10200	0.000201171
10250	0.000202111
10300	0.000202915
10350	0.000210183
10400	0.000211897
10450	0.000212794
10500	0.000213455
10550	0.000214351
10600	0.000215182
10650	0.000216143
10700	0.000216592
10750	0.000217589
10800	0.000227229
10850	0.000226977
10900	0.000227733
10950	0.000228525
11000	0.000229689
11050	0.000230549
11100	0.000231467
11150	0.000232351
11200	0.000233238
11250	0.00024122
11300	0.000243144
11350	0.000244089
11400	0.000246541
11450	0.000246098
11500	0.000246983
11550	0.000247914
11600	0.000301203
11650	0.000249748
11700	0.000259501
11750	0.000259118
11800	0.000260007
11850	0.000261019
11900	0.000262122
11950	0.000263063
12000	0.000263846
12050	0.00026484
12100	0.000267364
12150	0.000274268
12200	0.000277852
12250	0.000277564
12300	0.000305557
12350	0.00027964
12400	0.000280609
12450	0.000281601
12500	0.000283575
12550	0.000283667
12600	0.000294752
12650	0.000295475
12700	0.000296695
12750	0.00029832
12800	0.000298784
12850	0.000300419
12900	0.000299942
12950	0.000301868
13000	0.000302047
13050	0.000313743
13100	0.000313509
13150	0.00031554
13200	0.000316525
13250	0.000316932
13300	0.000320211
13350	0.000319067
13400	0.000321084
13450	0.000322283
13500	0.000330624
13550	0.000332904
13600	0.00033411
13650	0.000335249
13700	0.000336293
13750	0.000338968
13800	0.000338505
13850	0.000339762
13900	0.000340864
13950	0.000352878
14000	0.000353054
14050	0.000354027
14100	0.00035529
14150	0.000357936
14200	0.000357495
14250	0.000358525
14300	0.000359607
14350	0.000360766
14400	0.000370791
14450	0.000373113
14500	0.000375768
14550	0.000375619
14600	0.000376569
14650	0.000377803
14700	0.000378928
14750	0.00038025
14800	0.000381224
14850	0.000391749
14900	0.000394068
14950	0.00039534
15000	0.000396282
15050	0.000425724
15100	0.000398748
15150	0.000399934
15200	0.000402641
15250	0.000402214
15300	0.000412865
15350	0.000415364
15400	0.000416526
15450	0.000417867
15500	0.000420391
15550	0.000420336
15600	0.000421448
15650	0.000422637
15700	0.000423814
15750	0.000434946
15800	0.000437235
15850	0.000438436
15900	0.000454877
15950	0.000454436
16000	0.00044229
16050	0.000443392
16100	0.000446175
16150	0.000446024
16200	0.000457165
16250	0.000461259
16300	0.00046091
16350	0.000462338
16400	0.000463558
16450	0.000464799
16500	0.000465985
16550	0.000467241
16600	0.000469992
16650	0.000482379
16700	0.000482648
16750	0.000485552
16800	0.000485324
16850	0.000486503
16900	0.000487914
16950	0.000489211
17000	0.000490585
17050	0.00049187
17100	0.000504232
17150	0.000506226
17200	0.000509145
17250	0.000509064
17300	0.000510381
17350	0.000511682
17400	0.000512984
17450	0.000514612
17500	0.000515874
17550	0.000530533
17600	0.000532164
17650	0.000532238
17700	0.000533646
17750	0.000534934
17800	0.000536379
17850	0.000537885
17900	0.000540694
17950	0.000540597
18000	0.000553266
18050	0.000556099
18100	0.000557506
18150	0.000587295
18200	0.000560309
18250	0.00056329
18300	0.000563185
18350	0.000564609
18400	0.000565904
18450	0.00057894
18500	0.000581673
18550	0.00058319
18600	0.000586144
18650	0.000586228
18700	0.000587769
18750	0.000589109
18800	0.000590794
18850	0.000593972
18900	0.000608059
18950	0.000608703
19000	0.000610255
19050	0.000611907
19100	0.000613399
19150	0.000616287
19200	0.000616553
19250	0.000617912
19300	0.000619477
19350	0.000635242
19400	0.000636968
19450	0.000637182
19500	0.000638648
19550	0.000640245
19600	0.000641641
19650	0.000644451
19700	0.00064457
19750	0.000645911
19800	0.000659739
19850	0.000664003
19900	0.000664186
19950	0.000665664
20000	0.000695572
20050	0.000668557
20100	0.000671378
20150	0.000671404
20200	0.000673274
20250	0.000687233
20300	0.000690058
20350	0.000691655
20400	0.000692967
20450	0.000694662
20500	0.000697547
20550	0.000697617
20600	0.00069911
20650	0.0007287
20700	0.000714828
20750	0.000717565
20800	0.000718992
20850	0.000720355
20900	0.000723349
20950	0.000723251
21000	0.000724714
21050	0.000726299
21100	0.000729134
21150	0.000744495
21200	0.00074512
21250	0.000748385
21300	0.000748401
21350	0.000750116
21400	0.000751623
21450	0.000754706
21500	0.000754752
21550	0.000756292
21600	0.00077374
21650	0.000801046
21700	0.000776145
21750	0.000777707
21800	0.000780674
21850	0.000780966
21900	0.000782525
21950	0.000784179
22000	0.00078718
22050	0.000803617
22100	0.000804305
22150	0.000805877
22200	0.000807783
22250	0.000810716
22300	0.000810961
22350	0.000812719
22400	0.000814345
22450	0.000817521
22500	0.000834199
22550	0.000834901
22600	0.000836716
22650	0.000838301
22700	0.000841949
22750	0.000841686
22800	0.000843656
22850	0.000845454
22900	0.000848753
22950	0.000865483
23000	0.00086635
23050	0.000868
23100	0.000973727
23150	0.000876397
23200	0.000875974
23250	0.000877734
23300	0.000880821
23350	0.000881141
23400	0.000900087
23450	0.000900922
23500	0.000904326
23550	0.000904425
23600	0.00090643
23650	0.000937282
23700	0.000911306
23750	0.000911482
23800	0.000913283
23850	0.000932392
23900	0.000933198
23950	0.000935027
24000	0.000936818
24050	0.000939849
24100	0.000940351
24150	0.00094201
24200	0.000945309
24250	0.000945572
24300	0.000967113
24350	0.000967346
24400	0.000967637
24450	0.000969501
24500	0.000971346
24550	0.000974619
24600	0.000974797
24650	0.00100504
24700	0.000979812
24750	0.000998326
24800	0.0010006
24850	0.00100079
24900	0.00103088
24950	0.00100456
25000	0.00100766
25050	0.00100788
25100	0.00100991
25150	0.00101323
25200	0.00103149
25250	0.00103394
25300	0.0010343
25350	0.00103636
25400	0.00103952
25450	0.00103978
25500	0.00104176
25550	0.00104511
25600	0.00104539
25650	0.00106563
25700	0.00106662
25750	0.00108336
25800	0.00116089
25850	0.00111599
25900	0.00111927
25950	0.00111699
26000	0.00121439
26050	0.00108569
26100	0.00111042
26150	0.00112909
26200	0.00110331
26250	0.0011052
26300	0.00113485
26350	0.00113684
26400	0.00111075
26450	0.00111417
26500	0.00111441
26550	0.00113757
26600	0.00113804
26650	0.0011383
26700	0.00114035
26750	0.00114397
26800	0.0011489
26850	0.00114603
26900	0.00114961
26950	0.0011499
27000	0.00117335
27050	0.00117387
27100	0.00117433
27150	0.00117621
27200	0.00117972
27250	0.00118012
27300	0.00118212
27350	0.00118541
27400	0.00118582
27450	0.00120734
27500	0.00121002
27550	0.0012388
27600	0.00121269
27650	0.00121596
27700	0.00121648
27750	0.00122017
27800	0.00124778
27850	0.00122283
27900	0.00124468
27950	0.00124572
28000	0.00124953
28050	0.00125008
28100	0.00125224
28150	0.0012558
28200	0.00125653
28250	0.00125865
28300	0.00126219
28350	0.00128313
28400	0.00128582
28450	0.00131496
28500	0.00129003
28550	0.0012905
28600	0.00129269
28650	0.0012962
28700	0.00129665
28750	0.00130034
28800	0.00132391
28850	0.0013239
28900	0.00132459
28950	0.00132833
29000	0.00132871
29050	0.00133087
29100	0.00133432
29150	0.0013638
29200	0.00133881
29250	0.00136218
29300	0.0013628
29350	0.00136355
29400	0.00136694
29450	0.00136761
29500	0.00136975
29550	0.00137316
29600	0.00137391
29650	0.00140557
29700	0.00139967
29750	0.00140039
29800	0.00140379
29850	0.00140449
29900	0.00143504
29950	0.00141362
30000	0.00141189
30050	0.00141546
30100	0.00141618
30150	0.00143888
30200	0.00144257
30250	0.00144432
30300	0.00144772
30350	0.00144783
30400	0.00145126
30450	0.00145186
30500	0.00148324
30550	0.00145985
30600	0.00148173
30650	0.00148421
30700	0.00148404
30750	0.00148826
30800	0.00148871
30850	0.00149132
30900	0.00149335
30950	0.00149429
31000	0.00149777
31050	0.00152821
31100	0.00152317
31150	0.0015241
31200	0.00152781
31250	0.0015284
31300	0.00153213
31350	0.00153268
31400	0.00153503
31450	0.00153873
31500	0.001562
31550	0.00156325
31600	0.00159556
31650	0.00156813
31700	0.00157051
31750	0.00157421
31800	0.00157508
31850	0.0015789
31900	0.00157996
31950	0.00160475
32000	0.00160786
32050	0.00162435
32100	0.00162547
32150	0.00161356
32200	0.00161749
32250	0.00161839
32300	0.00162242
32350	0.00162313
32400	0.00164823
32450	0.00165007
32500	0.00165377
32550	0.00168329
32600	0.00165866
32650	0.00165962
32700	0.00166343
32750	0.00166448
32800	0.00166837
32850	0.00169235
32900	0.00169571
32950	0.00169662
33000	0.00172871
33050	0.00170144
33100	0.00170523
33150	0.00170617
33200	0.00171033
33250	0.00171109
33300	0.00173953
33350	0.00174016
33400	0.00176958
33450	0.00174497
33500	0.00174752
33550	0.00174839
33600	0.00175229
33650	0.00175319
33700	0.00175717
33750	0.00178172
33800	0.00181354
33850	0.00178595
33900	0.0017898
33950	0.00179063
34000	0.00179459
34050	0.00179558
34100	0.00179958
34150	0.00180031
34200	0.00182895
34250	0.00182829
34300	0.00183216
34350	0.00183475
34400	0.00183562
34450	0.00183941
34500	0.00184027
34550	0.00184442
34600	0.00187379
34650	0.00187435
34700	0.00187531
34750	0.0018762
34800	0.00188016
34850	0.00188111
34900	0.00188511
34950	0.00191442
35000	0.00188982
35050	0.00189237
35100	0.00191789
35150	0.00191945
35200	0.00195089
35250	0.0019529
35300	0.00192856
35350	0.00192951
35400	0.00193347
35450	0.00193582
35500	0.00193682
35550	0.00196646
35600	0.00196724
35650	0.00196837
35700	0.00197234
35750	0.0019748
35800	0.00197608
35850	0.00197994
35900	0.00198109
35950	0.0019849
36000	0.00201343
36050	0.00201413
36100	0.00201546
36150	0.00201934
36200	0.00202194
36250	0.00205145
36300	0.00202696
36350	0.0020295
36400	0.00203069
36450	0.00205882
36500	0.00208855
36550	0.00206441
36600	0.00206555
36650	0.00206934
36700	0.00207196
36750	0.00207305
36800	0.00207691
36850	0.0020798
36900	0.00210868
36950	0.00210972
37000	0.00211103
37050	0.00211508
37100	0.00211779
37150	0.00214723
37200	0.00212283
37250	0.00212549
37300	0.00212684
37350	0.00215554
37400	0.00218746
37450	0.00216041
37500	0.00216457
37550	0.00216722
37600	0.00216831
37650	0.00217256
37700	0.0021751
37750	0.00220472
37800	0.00220516
37850	0.00220857
37900	0.00220986
37950	0.00224225
38000	0.00221665
38050	0.00221785
38100	0.00222176
38150	0.00222444
38200	0.00222564
38250	0.00225735
38300	0.00225692
38350	0.00226098
38400	0.00226392
38450	0.00226511
38500	0.00226921
38550	0.00229977
38600	0.00227299
38650	0.00227733
38700	0.00230745
38750	0.00230866
38800	0.00233841
38850	0.00231267
38900	0.00231691
38950	0.00231953
39000	0.00232226
39050	0.00235181
39100	0.0023275
39150	0.00237387
39200	0.00242007
39250	0.00239138
39300	0.00239143
39350	0.00236626
39400	0.00240048
39450	0.00240011
39500	0.00240304
39550	0.00240555
39600	0.00241678
39650	0.00241126
39700	0.00244104
39750	0.00241692
39800	0.00241976
39850	0.0024226
39900	0.00242386
39950	0.00242827
40000	0.00243094
40050	0.00246487
40100	0.00246248
40150	0.00249507
40200	0.00246962
40250	0.00247249
40300	0.00247395
40350	0.00247817
40400	0.00248104
40450	0.00248417
40500	0.00251577
40550	0.00251577
40600	0.00254849
40650	0.00252284
40700	0.00252609
40750	0.00252745
40800	0.00253191
40850	0.00253472
40900	0.00253764
40950	0.00257469
41000	0.00257108
41050	0.00260261
41100	0.00257557
41150	0.00257997
41200	0.0025827
41250	0.00258558
41300	0.00258715
41350	0.00261968
41400	0.00262195
41450	0.00265189
41500	0.00262782
41550	0.00263078
41600	0.00263367
41650	0.0026366
41700	0.00263809
41750	0.00267104
41800	0.00264563
41850	0.0026785
41900	0.00267843
41950	0.0026828
42000	0.00268586
42050	0.00268894
42100	0.00269211
42150	0.00272327
42200	0.0026966
42250	0.00270106
42300	0.00273436
42350	0.00273555
42400	0.00273876
42450	0.00274013
42500	0.00277309
42550	0.00274796
42600	0.00275094
42650	0.00275396
42700	0.00275715
42750	0.00279041
42800	0.00279041
42850	0.0028232
42900	0.00279806
42950	0.00280123
43000	0.0028043
43050	0.0028075
43100	0.0028106
43150	0.00284048
43200	0.00284992
43250	0.00284749
43300	0.00285198
43350	0.00285514
43400	0.0028583
43450	0.0028613
43500	0.0028964
43550	0.00286753
43600	0.00287052
43650	0.0029045
43700	0.00290599
43750	0.00290909
43800	0.00294085
43850	0.00291381
43900	0.00291838
43950	0.00292144
44000	0.0029247
44050	0.00292768
44100	0.00296661
44150	0.00296341
44200	0.00296522
44250	0.00296955
44300	0.00297261
44350	0.003004
44400	0.00297855
44450	0.002982
44500	0.00298467
44550	0.00302174
44600	0.00302094
44650	0.00305257
44700	0.0030255
44750	0.00303018
44800	0.00303326
44850	0.0030367
44900	0.00305459
44950	0.00305639
45000	0.00307768
45050	0.00307909
45100	0.00308267
45150	0.0030855
45200	0.00311676
45250	0.00309188
45300	0.00309489
45350	0.00309838
45400	0.003101
45450	0.00313891
45500	0.00313776
45550	0.00314107
45600	0.0031442
45650	0.00314729
45700	0.00317871
45750	0.00315228
45800	0.00315629
45850	0.0031601
45900	0.00319543
45950	0.0032256
46000	0.0032
46050	0.00320324
46100	0.00320683
46150	0.0033775
46200	0.00324241
46250	0.00321292
46300	0.00321548
46350	0.00325444
46400	0.00333073
46450	0.00330182
46500	0.00330447
46550	0.00330763
46600	0.00331131
46650	0.00329753
46700	0.00329901
46750	0.00327574
46800	0.00331431
46850	0.00334232
46900	0.00331725
46950	0.00332057
47000	0.00332387
47050	0.00332712
47100	0.00335902
47150	0.00333371
47200	0.00333699
47250	0.00341046
47300	0.00340353
47350	0.00337872
47400	0.00338214
47450	0.00341188
47500	0.00338871
47550	0.00342061
47600	0.00339549
47650	0.00339889
47700	0.003438
47750	0.00346586
47800	0.00344108
47850	0.00344434
47900	0.00344785
47950	0.00347935
48000	0.00345448
48050	0.00345779
48100	0.00346109
48150	0.00350348
48200	0.00350015
48250	0.00350352
48300	0.00350712
48350	0.00353883
48400	0.0035138
48450	0.00351757
48500	0.00352088
48550	0.00355218
48600	0.00356964
48650	0.00356354
48700	0.00356723
48750	0.00359889
48800	0.00357988
48850	0.00357729
48900	0.0035809
48950	0.00358445
49000	0.0036162
49050	0.00362584
49100	0.00362779
49150	0.00365976
49200	0.00363493
49250	0.00363847
49300	0.00364202
49350	0.00367517
49400	0.003649
49450	0.00365268
49500	0.00369325
49550	0.00369309
49600	0.00369651
49650	0.00370029
49700	0.00373206
49750	0.00370834
49800	0.00371044
49850	0.00371403
49900	0.00371766
49950	0.00376074
50000	0.00375932
50050	0.00379014
50100	0.00376529
50150	0.00376881
50200	0.00377246
50250	0.00380427
50300	0.0037796
50350	0.00378453
50400	0.00382475
50450	0.0038241
50500	0.00382933
50550	0.0038315
50600	0.00386328
50650	0.00383852
50700	0.00384204
50750	0.00384565
50800	0.003879
50850	0.00389075
50900	0.00394588
50950	0.003894
51000	0.00389765
51050	0.00390127
51100	0.00393296
51150	0.00390958
51200	0.00391185
51250	0.00391569
51300	0.00395723
51350	0.00395666
51400	0.00399017
51450	0.00396387
51500	0.00396728
51550	0.00397077
51600	0.00400284
51650	0.00397909
51700	0.00398108
51750	0.00402343
51800	0.00402276
51850	0.00402788
51900	0.00405836
51950	0.00403356
52000	0.00403709
52050	0.00404071
52100	0.00407389
52150	0.00404804
52200	0.00409043
52250	0.00409006
52300	0.00409372
52350	0.00412578
52400	0.00410254
52450	0.00410444
52500	0.00410827
52550	0.00414032
52600	0.00411679
52650	0.00415815
52700	0.00415919
52750	0.00416195
52800	0.00419351
52850	0.00416913
52900	0.00420079
52950	0.00417615
53000	0.00420829
53050	0.00418506
53100	0.00426595
53150	0.00423398
53200	0.00425696
53250	0.00426356
53300	0.0042378
53350	0.00424116
53400	0.00427236
53450	0.0042768
53500	0.00425216
53550	0.00429815
53600	0.00429534
53650	0.0043274
53700	0.00430291
53750	0.00430776
53800	0.00431029
53850	0.00434228
53900	0.00431866
53950	0.00432119
54000	0.00436986
54050	0.00436481
54100	0.0043969
54150	0.00437359
54200	0.00437578
54250	0.00440782
54300	0.00438462
54350	0.00438712
54400	0.00439063
54450	0.00443747
54500	0.00443606
54550	0.00443829
54600	0.00444193
54650	0.00447523
54700	0.00444922
54750	0.00445567
54800	0.00445998
54850	0.00449205
54900	0.00450509
54950	0.00450644
55000	0.00451064
55050	0.00454132
55100	0.00451844
55150	0.00452176
55200	0.00455253
55250	0.00453002
55300	0.00453214
55350	0.00457875
55400	0.00460735
55450	0.00458102
55500	0.0045871
55550	0.00458844
55600	0.00462095
55650	0.00459795
55700	0.00460025
55750	0.00463178
55800	0.00464912
55850	0.00465029
55900	0.00465284
55950	0.00468534
56000	0.00466225
56050	0.00466481
56100	0.0046986
56150	0.00467301
56200	0.00467711
56250	0.00472946
56300	0.00472376
56350	0.00472659
56400	0.00473159
56450	0.0047625
56500	0.00473976
56550	0.00474204
56600	0.00477472
56650	0.00475145
56700	0.00479585
56750	0.0048254
56800	0.00479968
56850	0.00480382
56900	0.00480894
56950	0.00483999
57000	0.00481692
57050	0.00481951
57100	0.00485314
57150	0.00486999
57200	0.00487121
57250	0.00490211
57300	0.00487939
57350	0.00488159
57400	0.00491554
57450	0.0048898
57500	0.00489532
57550	0.00489774
57600	0.00495124
57650	0.00494434
57700	0.00497805
57750	0.0049524
57800	0.00495806
57850	0.00498891
57900	0.00496611
57950	0.00496876
58000	0.00497409
58050	0.0050593
58100	0.0050559
58150	0.00506128
58200	0.00502937
58250	0.00503229
58300	0.00506613
58350	0.00504068
58400	0.0050462
58450	0.0050769
58500	0.00509841
58550	0.00512357
58600	0.00513054
58650	0.00510446
58700	0.00511009
58750	0.00516819
58800	0.00511826
58850	0.00512108
58900	0.00515507
58950	0.00517519
59000	0.00520243
59050	0.00517847
59100	0.00520793
59150	0.00521563
59200	0.00519005
59250	0.0051953
59300	0.00522669
59350	0.00520379
59400	0.0052587
59450	0.00525061
59500	0.00525613
59550	0.00528879
59600	0.00526353
59650	0.00526887
59700	0.00530028
59750	0.00527749
59800	0.00528029
59850	0.00533339
59900	0.00532888
59950	0.00536306
60000	0.00533756
60050	0.00534299
60100	0.00537591
60150	0.00535047
60200	0.00535594
60250	0.00538894
60300	0.00541005
60350	0.00543756
60400	0.00541202
60450	0.00541778
60500	0.00545044
60550	0.00542479
60600	0.00543029
60650	0.00546174
60700	0.00546894
60750	0.00549195
60800	0.00548723
60850	0.00552126
60900	0.00549762
60950	0.00550038
61000	0.00553442
61050	0.00551035
61100	0.00551343
61150	0.00554684
61200	0.00556905
61250	0.00556833
61300	0.00557139
61350	0.005605
61400	0.00558124
61450	0.00558545
61500	0.00561643
61550	0.00559693
61600	0.00559815
61650	0.00564855
61700	0.00567586
61750	0.00565047
61800	0.00565622
61850	0.00568835
61900	0.00566311
61950	0.00569653
62000	0.00567291
62050	0.00567702
62100	0.00576254
62150	0.00581161
62200	0.00575814
62250	0.00576083
62300	0.0057682
62350	0.00574375
62400	0.00577449
62450	0.00578006
62500	0.00575662
62550	0.00581092
62600	0.00583584
62650	0.00581135
62700	0.00581466
62750	0.00584835
62800	0.00582454
62850	0.00582872
62900	0.00588779
62950	0.00583744
63000	0.00590554
63050	0.00591704
63100	0.0058927
63150	0.00589698
63200	0.00592862
63250	0.00590582
63300	0.00590989
63350	0.00594307
63400	0.00591886
63450	0.0059734
63500	0.00602594
63550	0.00597426
63600	0.00600632
63650	0.00598331
63700	0.00598732
63750	0.00602037
63800	0.00599649
63850	0.00599946
63900	0.00606005
63950	0.00605503
64000	0.00605768
64050	0.00609075
64100	0.0060664
64150	0.00609949
64200	0.00610392
64250	0.00607966
64300	0.00611298
64350	0.0061386
64400	0.00613601
64450	0.00622645
64500	0.00614486
64550	0.00617839
64600	0.00615498
64650	0.0061591
64700	0.00619338
64750	0.00616766
64800	0.00622491
64850	0.00622101
64900	0.00622432
64950	0.00625752
65000	0.00623344
65050	0.00623785
65100	0.00627027
65150	0.00624745
65200	0.00628084
65250	0.00630597
65300	0.00630507
65350	0.00633842
65400	0.00631452
65450	0.00634632
65500	0.00632373
65550	0.00632829
65600	0.00636145
65650	0.00633733
65700	0.00639605
65750	0.00648202
65800	0.00654229
65850	0.00651554
65900	0.00647202
65950	0.00646805
66000	0.00644122
66050	0.00641883
66100	0.00645219
66150	0.00648271
66200	0.00650596
66250	0.006482
66300	0.00651569
66350	0.0064914
66400	0.00649616
66450	0.00653255
66500	0.00650548
66550	0.00656575
66600	0.00656677
66650	0.00659301
66700	0.00656892
66750	0.00666939
66800	0.00657841
66850	0.00658324
66900	0.0066164
66950	0.00659293
67000	0.00662541
67050	0.00665201
67100	0.00668073
67150	0.00665728
67200	0.00667834
67250	0.00667942
67300	0.00667175
67350	0.00670496
67400	0.00668201
67450	0.00671505
67500	0.00674424
67550	0.0067707
67600	0.00674657
67650	0.00677973
67700	0.0067584
67750	0.00676192
67800	0.00679461
67850	0.00677205
67900	0.00680466
67950	0.0068398
68000	0.00683276
68050	0.00683834
68100	0.00687051
68150	0.00684757
68200	0.00688217
68250	0.0068579
68300	0.00686251
68350	0.00689629
68400	0.00692627
68450	0.00692392
68500	0.00695719
68550	0.00693406
68600	0.00693897
68650	0.00697206
68700	0.00694977
68750	0.00698277
68800	0.00695941
68850	0.0070192
68900	0.00704501
68950	0.00702189
69000	0.00702656
69050	0.00708733
69100	0.00703765
69150	0.00707042
69200	0.00704728
69250	0.0070828
69300	0.00715853
69350	0.0071092
69400	0.00714369
69450	0.00712127
69500	0.00715317
69550	0.00715904
69600	0.00713608
69650	0.00716982
69700	0.00714648
69750	0.00721195
69800	0.00723415
69850	0.00720879
69900	0.00724283
69950	0.00722024
70000	0.00725359
70050	0.00722996
70100	0.00723656
70150	0.00726905
70200	0.00730104
70250	0.00732696
70300	0.00730535
70350	0.00730961
70400	0.00734675
70450	0.00731957
70500	0.00735317
70550	0.00733152
70600	0.00736371
70650	0.00739835
70700	0.00739491
70750	0.00742794
70800	0.00740451
70850	0.00743819
70900	0.0074152
70950	0.00744986
71000	0.00742558
71050	0.00745937
71100	0.00749679
71150	0.00748997
71200	0.00752469
71250	0.0074999
71300	0.00753391
71350	0.00751053
71400	0.00754577
71450	0.00752049
71500	0.00755588
71550	0.00758803
71600	0.00758551
71650	0.00761966
71700	0.00759681
71750	0.007631
71800	0.00760704
71850	0.00764
71900	0.00761859
71950	0.00765092
72000	0.00768859
72050	0.00770975
72100	0.00768212
72150	0.00770989
72200	0.00774649
72250	0.00790368
72300	0.0077856
72350	0.00779664
72400	0.00776304
72450	0.00777405
72500	0.00776433
72550	0.00777021
72600	0.00780246
72650	0.00777833
72700	0.00784025
72750	0.00779573
72800	0.0078514
72850	0.00779882
72900	0.00787286
72950	0.00786011
73000	0.00789166
73050	0.00786775
73100	0.00790286
73150	0.0078799
73200	0.0079127
73250	0.00789049
73300	0.00792254
73350	0.00795585
73400	0.00798346
73450	0.00798737
73500	0.00799334
73550	0.00797132
73600	0.0080041
73650	0.00797989
73700	0.00801565
73750	0.00799012
73800	0.00805454
73850	0.00808026
73900	0.00805892
73950	0.00808952
74000	0.00809657
74050	0.00810206
74100	0.00807954
74150	0.00808331
74200	0.00811737
74250	0.00815732
74300	0.00815113
74350	0.00818662
74400	0.00816162
74450	0.00819805
74500	0.0081736
74550	0.00820723
74600	0.00818656
74650	0.00821935
74700	0.00825976
74750	0.00825766
74800	0.0082879
74850	0.00826598
74900	0.0082989
74950	0.008305
75000	0.00831123
75050	0.00829029
75100	0.00832203
75150	0.00840381
75200	0.00835898
75250	0.00842008
75300	0.0083724
75350	0.00840575
75400	0.00838401
75450	0.00841688
75500	0.00839611
75550	0.00842894
75600	0.00847447
75650	0.00846623
75700	0.00850042
75750	0.00847942
75800	0.00851302
75850	0.00849187
75900	0.00852622
75950	0.00850494
76000	0.00853842
76050	0.00857931
76100	0.00860508
76150	0.00858618
76200	0.0086183
76250	0.00860159
76300	0.00863032
76350	0.00861006
76400	0.00864425
76450	0.00862378
76500	0.00869424
76550	0.00868967
76600	0.00872549
76650	0.00872961
76700	0.00874035
76750	0.0087175
76800	0.00875264
76850	0.0087317
76900	0.00876571
76950	0.00881104
77000	0.00883476
77050	0.00881193
77100	0.00884937
77150	0.00882874
77200	0.00886285
77250	0.008869
77300	0.00887807
77350	0.00885585
77400	0.0089319
77450	0.00892882
77500	0.00896251
77550	0.00893977
77600	0.00897835
77650	0.00920119
77700	0.0091167
77750	0.0090747
77800	0.00901063
77850	0.00905677
77900	0.00904773
77950	0.00908512
78000	0.00906488
78050	0.00912748
78100	0.00907867
78150	0.00911573
78200	0.0091242
78250	0.00912977
78300	0.00918254
78350	0.00917131
78400	0.00921018
78450	0.00918846
78500	0.00922563
78550	0.00920401
78600	0.00924138
78650	0.00922256
78700	0.00925791
78750	0.00930682
78800	0.00930068
78850	0.0093382
78900	0.00931771
78950	0.00935344
79000	0.00936264
79050	0.00934189
79100	0.00937912
79150	0.00935838
79200	0.00943931
79250	0.00945947
79300	0.00944094
79350	0.00947751
79400	0.00946046
79450	0.00949505
79500	0.00947404
79550	0.00950941
79600	0.00951934
79650	0.00956598
79700	0.00959438
79750	0.00960358
79800	0.00958177
79850	0.00962117
79900	0.00960113
79950	0.00963842
80000	0.00961884
80050	0.00968378
80100	0.00975225
80150	0.00973131
80200	0.00971191
80250	0.00977819
80300	0.00973168
80350	0.00976864
80400	0.00977656
80450	0.00975539
80500	0.00979557
80550	0.00985263
80600	0.00984364
80650	0.00988051
80700	0.00989071
80750	0.00987128
80800	0.00990764
80850	0.00988969
80900	0.0099278
80950	0.0099364
81000	0.0099898
81050	0.0099854
81100	0.0100232
81150	0.0100356
81200	0.0100147
81250	0.0100528
81300	0.0100333
81350	0.0100727
81400	0.0101152
81450	0.0101498
81500	0.0101605
81550	0.0101415
81600	0.0102082
81650	0.0101612
81700	0.010199
81750	0.0102099
81800	0.0101903
81850	0.0102333
81900	0.0102882
81950	0.0103083
82000	0.0102892
82050	0.0103277
82100	0.0103368
82150	0.0103449
82200	0.0103573
82250	0.0103946
82300	0.0103494
82350	0.0105846
82400	0.0104532
82450	0.01087
82500	0.0108572
82550	0.0108423
82600	0.0108823
82650	0.0109205
82700	0.010793
82750	0.0107102
82800	0.0107091
82850	0.0108183
82900	0.0110303
82950	0.0110404
83000	0.0110253
83050	0.011067
83100	0.0110786
83150	0.0110637
83200	0.0111054
83250	0.0107675
83300	0.0107328
83350	0.0107666
83400	0.010778
83450	0.0107592
83500	0.0107994
83550	0.0108094
83600	0.010789
83650	0.010828
83700	0.0108907
83750	0.0108838
83800	0.0109196
83850	0.0109301
83900	0.0109174
83950	0.0109519
84000	0.0109621
84050	0.0109426
84100	0.0109836
84150	0.0110426
84200	0.0110664
84250	0.0110478
84300	0.0111021
84350	0.0113506
84400	0.0112017
84450	0.0112237
84500	0.0111667
84550	0.0111364
84600	0.0116765
84650	0.0117407
84700	0.0115089
84750	0.0112425
84800	0.0112357
84850	0.011248
84900	0.0112736
84950	0.0112809
85000	0.0112645
85050	0.0113601
85100	0.0114827
85150	0.0114676
85200	0.0114236
85250	0.0114062
85300	0.0114493
85350	0.0114147
85400	0.0114206
85450	0.0114493
85500	0.0115099
85550	0.0115331
85600	0.0115439
85650	0.0115266
85700	0.0115628
85750	0.0115751
85800	0.0115547
85850	0.011596
85900	0.0116331
85950	0.0116656
86000	0.0116934
86050	0.0117015
86100	0.0116836
86150	0.0117233
86200	0.0117329
86250	0.0117424
86300	0.0117563
86350	0.0117635
86400	0.0118681
86450	0.0118501
86500	0.0118606
86550	0.0118438
86600	0.0119478
86650	0.0119218
86700	0.0119042
86750	0.0119161
86800	0.0119261
86850	0.0119877
86900	0.0119819
86950	0.0120212
87000	0.0120318
87050	0.0120713
87100	0.0121336
87150	0.0121465
87200	0.0121293
87250	0.0120852
87300	0.0121488
87350	0.0121735
87400	0.0121835
87450	0.0121903
87500	0.0122055
87550	0.0122154
87600	0.0122232
87650	0.0122089
87700	0.0122474
87750	0.0123156
87800	0.0123341
87850	0.0123156
87900	0.0123568
87950	0.0123652
88000	0.0123784
88050	0.0123572
88100	0.0123985
88150	0.0124103
88200	0.0125192
88250	0.0124973
88300	0.0130924
88350	0.0131056
88400	0.0131157
88450	0.0128541
88500	0.0125247
88550	0.0125946
88600	0.0125722
88650	0.0126406
88700	0.0126657
88750	0.0126728
88800	0.0126531
88850	0.0126938
88900	0.0127059
88950	0.0127163
89000	0.0127002
89050	0.0127387
89100	0.0128062
89150	0.0128288
89200	0.0128386
89250	0.0128765
89300	0.0128468
89350	0.0128557
89400	0.0128832
89450	0.0128935
89500	0.0129022
89550	0.0129768
89600	0.0129981
89650	0.0129783
89700	0.0130164
89750	0.0130267
89800	0.0130382
89850	0.013075
89900	0.0130593
89950	0.0130691
90000	0.0131856
90050	0.0131338
90100	0.0137089
90150	0.0137479
90200	0.0137509
90250	0.013734
90300	0.0137732
90350	0.013727
90400	0.0137593
90450	0.0138357
90500	0.0138463
90550	0.0138538
90600	0.0138628
90650	0.0138965
90700	0.0138505
90750	0.0138876
90800	0.0138934
90850	0.0139014
90900	0.0139732
90950	0.0139898
91000	0.0140001
91050	0.013977
91100	0.0140133
91150	0.0140211
91200	0.0140287
91250	0.0140667
91300	0.0140439
91350	0.0137028
91400	0.0136675
91450	0.0136814
91500	0.013717
91550	0.0139781
91600	0.0138389
91650	0.0137455
91700	0.0137707
91750	0.0137486
91800	0.0138292
91850	0.0138441
91900	0.0138565
91950	0.0142863
92000	0.0142636
92050	0.0142996
92100	0.0143061
92150	0.014314
92200	0.0143212
92250	0.0144205
92300	0.0144052
92350	0.0144153
92400	0.0144224
92450	0.0144302
92500	0.0144378
92550	0.0144154
92600	0.0144485
92650	0.0144602
92700	0.0145341
92750	0.0145437
92800	0.0145278
92850	0.0145579
92900	0.0145671
92950	0.0145745
93000	0.0143906
93050	0.0142623
93100	0.014278
93150	0.0143902
93200	0.0143711
93250	0.0144058
93300	0.0143885
93350	0.0143736
93400	0.01441
93450	0.0144577
93500	0.0144344
93550	0.0144689
93600	0.0145211
93650	0.0145414
93700	0.0145472
93750	0.0145592
93800	0.0145756
93850	0.0146078
93900	0.0145928
93950	0.0145725
94000	0.014613
94050	0.0146903
94100	0.0147118
94150	0.014717
94200	0.0147275
94250	0.0147125
94300	0.0148063
94350	0.014893
94400	0.0148137
94450	0.0147868
94500	0.0148639
94550	0.0148776
94600	0.0151128
94650	0.0150574
94700	0.01497
94750	0.014964
94800	0.0149327
94850	0.0149401
94900	0.0149473
94950	0.0150321
95000	0.0150465
95050	0.0150535
95100	0.015036
95150	0.0150732
95200	0.0150858
95250	0.0150944
95300	0.0151042
95350	0.0151155
95400	0.0151912
95450	0.0152112
95500	0.015221
95550	0.0152303
95600	0.0152665
95650	0.015227
95700	0.0152606
95750	0.015272
95800	0.0152825
95850	0.0153621
95900	0.0153766
95950	0.0153866
96000	0.0154502
96050	0.0154045
96100	0.0154451
96150	0.0154287
96200	0.0154353
96250	0.0157249
96300	0.0155506
96350	0.0155703
96400	0.0155509
96450	0.015569
96500	0.0155723
96550	0.0156063
96600	0.0155917
96650	0.0156751
96700	0.0157708
96750	0.015703
96800	0.0157057
96850	0.0157165
96900	0.0157254
96950	0.0157223
97000	0.0157317
97050	0.0157522
97100	0.0157651
97150	0.0157731
97200	0.0158549
97250	0.0158953
97300	0.0158777
97350	0.0158894
97400	0.0158981
97450	0.0158809
97500	0.0159153
97550	0.0159244
97600	0.0159345
97650	0.0160678
97700	0.0160335
97750	0.0160695
97800	0.0160473
97850	0.0160884
97900	0.016069
97950	0.0160784
98000	0.0160965
98050	0.016098
98100	0.0161759
98150	0.0161927
98200	0.0162009
98250	0.0162149
98300	0.016221
98350	0.0162292
98400	0.0162378
98450	0.0162465
98500	0.0162588
98550	0.0163392
98600	0.0163494
98650	0.0163621
98700	0.0163994
98750	0.0163797
98800	0.016393
98850	0.016442
98900	0.0164492
98950	0.0164568
99000	0.0165428
99050	0.0165155
99100	0.0165204
99150	0.0165334
99200	0.0165666
99250	0.0165778
99300	0.0165603
99350	0.0165669
99400	0.0165751
99450	0.0166641
99500	0.016672
99550	0.0166786
99600	0.0166864
99650	0.0166945
99700	0.0167073
99750	0.0167135
99800	0.0167231
99850	0.0167325
99900	0.0168138
99950	0.0168304
100000	0.016835
100050	0.0168423
100100	0.0168814
100150	0.0168623
100200	0.0168698
100250	0.0168801
100300	0.0168882
100350	0.0170208
100400	0.0169842
100450	0.0169939
100500	0.0170295
100550	0.0170108
100600	0.0170453
100650	0.0170259
100700	0.0170351
100750	0.0170434
100800	0.0171274
100850	0.0171381
100900	0.0171469
100950	0.0171569
101000	0.0171657
101050	0.0171714
101100	0.0171835
101150	0.0171888
101200	0.0171965
101250	0.0172801
101300	0.0172972
101350	0.0173037
101400	0.0173411
101450	0.0173215
101500	0.0173263
101550	0.0173402
101600	0.0173684
101650	0.0174074
101700	0.0174794
101750	0.0174759
101800	0.017523
101850	0.0174925
101900	0.017473
101950	0.0174783
102000	0.0175172
102050	0.0174965
102100	0.0175322
102150	0.0175892
102200	0.0176048
102250	0.0176081
102300	0.0176206
102350	0.0176284
102400	0.0176381
102450	0.0176698
102500	0.0176501
102550	0.0176869
102600	0.0177404
102650	0.0177816
102700	0.0177912
102750	0.017773
102800	0.0177818
102850	0.0177876
102900	0.0178258
102950	0.0178038
103000	0.018101
103050	0.0179289
103100	0.0179073
103150	0.0179181
103200	0.0179208
103250	0.0179303
103300	0.017941
103350	0.0179493
103400	0.0179588
103450	0.0179952
103500	0.018051
103550	0.0180604
103600	0.0180731
103650	0.0180755
103700	0.0181139
103750	0.018096
103800	0.0181032
103850	0.0181121
103900	0.0181188
103950	0.0182072
104000	0.0182172
104050	0.0182235
104100	0.0184803
104150	0.01843
104200	0.0183102
104250	0.0183121
104300	0.0182676
104350	0.0182764
104400	0.018366
104450	0.0184419
104500	0.0184047
104550	0.0183852
104600	0.0183996
104650	0.0184062
104700	0.0184092
104750	0.0184236
104800	0.018458
104850	0.0185164
104900	0.0185543
104950	0.0185394
105000	0.0185466
105050	0.0185505
105100	0.0185602
105150	0.018568
105200	0.0185757
105250	0.018584
105300	0.0187227
105350	0.0186857
105400	0.0186937
105450	0.0186992
105500	0.0187349
105550	0.0187323
105600	0.0187457
105650	0.0187604
105700	0.0187703
105750	0.0188286
105800	0.0188667
105850	0.0188823
105900	0.0188595
105950	0.0188667
106000	0.0188705
106050	0.0188833
106100	0.0188912
106150	0.0189018
106200	0.018991
106250	0.0189979
106300	0.01901
106350	0.0190426
106400	0.0190252
106450	0.0190365
106500	0.0190994
106550	0.0190762
106600	0.0190591
106650	0.019199
106700	0.0191851
106750	0.0191654
106800	0.0192674
106850	0.0192038
106900	0.0191947
106950	0.0191996
107000	0.0192078
107050	0.0192172
107100	0.0193073
107150	0.0193185
107200	0.019354
107250	0.0193315
107300	0.0193694
107350	0.0193508
107400	0.0193617
107450	0.0193698
107500	0.0194025
107550	0.0194717
107600	0.0194748
107650	0.0197847
107700	0.0196586
107750	0.0195635
107800	0.01952
107850	0.0195481
107900	0.0195279
107950	0.0195635
108000	0.0196314
108050	0.0196405
108100	0.0196474
108150	0.0196812
108200	0.0196645
108250	0.0196745
108300	0.0197159
108350	0.0196964
108400	0.0197285
108450	0.0197899
108500	0.0197999
108550	0.0198074
108600	0.0198187
108650	0.0198815
108700	0.0198348
108750	0.019841
108800	0.0198515
108850	0.0198613
108900	0.0200022
108950	0.0200927
109000	0.0199795
109050	0.0200097
109100	0.020024
109150	0.0199965
109200	0.0200298
109250	0.0200118
109300	0.0200226
109350	0.0201162
109400	0.0201241
109450	0.0201334
109500	0.0201393
109550	0.0201792
109600	0.0201849
109650	0.020168
109700	0.0201749
109750	0.0202126
109800	0.0202783
109850	0.0202868
109900	0.0205661
109950	0.0205313
110000	0.0204093
110050	0.0203667
110100	0.0203322
110150	0.0203661
110200	0.0203751
110250	0.0204475
110300	0.0204506
110350	0.020459
110400	0.0204683
110450	0.0205059
110500	0.0205135
110550	0.0204956
110600	0.0205066
110650	0.0205153
110700	0.0206094
110750	0.0206437
110800	0.0206251
110850	0.0206304
110900	0.020645
110950	0.0206483
111000	0.0206919
111050	0.0206917
111100	0.0207011
111150	0.0208274
111200	0.0208153
111250	0.0208206
111300	0.0208003
111350	0.0208367
111400	0.0208908
111450	0.020857
111500	0.0208353
111550	0.0208496
111600	0.0209419
111650	0.0209716
111700	0.0209835
111750	0.0209686
111800	0.020972
111850	0.02101
111900	0.0209938
111950	0.0210018
112000	0.021008
112050	0.0211578
112100	0.0211842
112150	0.0211326
112200	0.0211313
112250	0.0211735
112300	0.0211782
112350	0.0211613
112400	0.021211
112450	0.0212175
112500	0.021274
112550	0.0213128
112600	0.0213198
112650	0.0212991
112700	0.0213086
112750	0.0213183
112800	0.0213552
112850	0.021338
112900	0.0213455
112950	0.0214445
113000	0.0214504
113050	0.0214598
113100	0.0215218
113150	0.0214773
113200	0.0216227
113250	0.0218015
113300	0.0215791
113350	0.0215651
113400	0.0216243
113450	0.0216193
113500	0.0216276
113550	0.0216629
113600	0.0216455
113650	0.0216535
113700	0.021687
113750	0.0216974
113800	0.0216809
113850	0.021781
113900	0.0217857
113950	0.021794
114000	0.0218317
114050	0.0218131
114100	0.0218247
114150	0.0218597
114200	0.0218373
114250	0.0218487
114300	0.0220088
114350	0.0219824
114400	0.0219968
114450	0.0219739
114500	0.0220366
114550	0.0220235
114600	0.0220012
114650	0.0220119
114700	0.0220524
114750	0.0221243
114800	0.0221536
114850	0.0221362
114900	0.022174
114950	0.0221536
115000	0.0221668
115050	0.0221989
115100	0.0221832
115150	0.0221913
115200	0.0225579
115250	0.0228703
115300	0.0228511
115350	0.0223788
115400	0.0223539
115450	0.0223335
115500	0.022397
115550	0.0223529
115600	0.0223871
115650	0.0224851
115700	0.0225192
115750	0.0224758
115800	0.0225154
115850	0.0224969
115900	0.0225015
115950	0.0226013
116000	0.0225258
116050	0.0225324
116100	0.0226442
116150	0.0229312
116200	0.0228763
116250	0.0227815
116300	0.0226792
116350	0.0226743
116400	0.0227146
116450	0.0227204
116500	0.0227435
116550	0.0228119
116600	0.0228456
116650	0.0228492
116700	0.0228336
116750	0.0228391
116800	0.0228799
116850	0.0228594
116900	0.0228991
116950	0.0228797
117000	0.0229824
117050	0.0230143
117100	0.0230281
117150	0.0230384
117200	0.023018
117250	0.0234494
117300	0.0231769
117350	0.0231246
117400	0.0230913
117450	0.0231684
117500	0.0231882
117550	0.0231763
117600	0.023183
117650	0.0232505
117700	0.0232085
117750	0.0232419
117800	0.023223
117850	0.0232324
117900	0.0233378
117950	0.0233705
118000	0.0233511
118050	0.0233586
118100	0.0234235
118150	0.0233795
118200	0.0234474
118250	0.023417
118300	0.0238209
118350	0.0235334
118400	0.023547
118450	0.0235297
118500	0.0235625
118550	0.0235474
118600	0.0235515
118650	0.0235876
118700	0.0236024
118750	0.0236145
118800	0.0236904
118850	0.0236896
118900	0.023726
118950	0.0237431
119000	0.0237271
119050	0.0237621
119100	0.0237424
119150	0.0238037
119200	0.0237884
119250	0.023928
119300	0.0239277
119350	0.0238879
119400	0.0239163
119450	0.0238942
119500	0.0239375
119550	0.0239207
119600	0.0239305
119650	0.0239614
119700	0.0240484
119750	0.0240765
119800	0.0240646
119850	0.0240991
119900	0.0240757
119950	0.0240875
120000	0.0241274
120050	0.024103
120100	0.0241438
120150	0.0242858
120200	0.0242551
120250	0.0242405
120300	0.0242837
120350	0.0242591
120400	0.024295
120450	0.0242777
120500	0.0242869
120550	0.0243221
120600	0.0244034
120650	0.0244296
120700	0.0244108
120750	0.0244778
120800	0.0244329
120850	0.0244733
120900	0.0244537
120950	0.0244859
121000	0.0244684
121050	0.0246397
121100	0.0246165
121150	0.0246331
121200	0.0246077
121250	0.0246501
121300	0.0246326
121350	0.0247584
121400	0.0246489
121450	0.0246857
121500	0.0247729
121550	0.0247713
121600	0.0248104
121650	0.0247914
121700	0.0248249
121750	0.0248113
121800	0.0248458
121850	0.0248282
121900	0.0248651
121950	0.0250127
122000	0.0249838
122050	0.0249869
122100	0.0249753
122150	0.0250096
122200	0.0249919
122250	0.0250305
122300	0.0250131
122350	0.025047
122400	0.0251345
122450	0.0251317
122500	0.0251745
122550	0.0251497
122600	0.0251917
122650	0.0251718
122700	0.0252157
122750	0.0251895
122800	0.0252304
122850	0.0253703
122900	0.025374
122950	0.0253936
123000	0.0253915
123050	0.0253428
123100	0.0253845
123150	0.025363
123200	0.025412
123250	0.0253848
123300	0.0255034
123350	0.0255001
123400	0.0255367
123450	0.0255146
123500	0.0255587
123550	0.0255326
123600	0.0255752
123650	0.0255616
123700	0.0255919
123750	0.0257428
123800	0.0257098
123850	0.0256879
123900	0.0257294
123950	0.0257384
124000	0.0257199
124050	0.0257565
124100	0.0257463
124150	0.0257796
124200	0.0258665
124250	0.025894
124300	0.0258734
124350	0.0259147
124400	0.025925
124450	0.0259067
124500	0.0259459
124550	0.025928
124600	0.0259618
124650	0.0261135
124700	0.0260495
124750	0.0260894
124800	0.0260726
124850	0.0261079
124900	0.026091
124950	0.02613
125000	0.0261353
125050	0.0261445
125100	0.0262396
125150	0.0262636
125200	0.0262498
125250	0.026342
125300	0.026265
125350	0.0263055
125400	0.0262883
125450	0.0263488
125500	0.0263307
125550	0.0264833
125600	0.0264231
125650	0.0264608
125700	0.0264418
125750	0.0264816
125800	0.0264976
125850	0.0264685
125900	0.0265434
125950	0.0264897
126000	0.0266159
126050	0.0266093
126100	0.0266464
126150	0.0266294
126200	0.0266962
126250	0.0267094
126300	0.0267605
126350	0.0269957
126400	0.0267901
126450	0.0268189
126500	0.0268018
126550	0.0268375
126600	0.0268754
126650	0.0268328
126700	0.0268698
126750	0.0268477
126800	0.0268864
126850	0.0269172
126900	0.026996
126950	0.0270471
127000	0.0270269
127050	0.0270467
127100	0.027449
127150	0.0271156
127200	0.0271315
127250	0.0270574
127300	0.0270898
127350	0.027185
127400	0.0272069
127450	0.0272195
127500	0.0272224
127550	0.027202
127600	0.0272439
127650	0.0272234
127700	0.0272656
127750	0.0272723
127800	0.027385
127850	0.02765
127900	0.0274891
127950	0.0274056
128000	0.0274271
128050	0.0274367
128100	0.0274296
128150	0.0274819
128200	0.0275504
128250	0.0275569
128300	0.0275796
128350	0.0275967
128400	0.027577
128450	0.0276099
128500	0.027655
128550	0.0276093
128600	0.0276459
128650	0.0276568
128700	0.0278045
128750	0.0277484
128800	0.0278177
128850	0.0278273
128900	0.0278113
128950	0.0278489
129000	0.0278224
129050	0.0278123
129100	0.0278477
129150	0.0279427
129200	0.0279928
129250	0.0280033
129300	0.0279671
129350	0.0279972
129400	0.028009
129450	0.0279811
129500	0.0280201
129550	0.0280352
129600	0.0281915
129650	0.0281818
129700	0.0281667
129750	0.0281822
129800	0.0281939
129850	0.0282329
129900	0.0282092
129950	0.0282154
130000	0.0282294
130050	0.0283263
130100	0.0283499
130150	0.0283414
130200	0.0283713
130250	0.0283818
130300	0.0283621
130350	0.0284293
130400	0.0284156
130450	0.0288386
130500	0.0285469
130550	0.0285455
130600	0.0285619
130650	0.0285375
130700	0.0286115
130750	0.028594
130800	0.0285709
130850	0.0286134
130900	0.0286177
130950	0.0287178
131000	0.0287684
131050	0.0287527
131100	0.0291819
131150	0.0288569
131200	0.0288274
131250	0.0288106
131300	0.0288045
131350	0.028815
131400	0.0289258
131450	0.0289389
131500	0.0289486
131550	0.0289344
131600	0.0289731
131650	0.0289795
131700	0.0290193
131750	0.0289701
131800	0.0290132
131850	0.0291648
131900	0.0291349
131950	0.0291788
132000	0.0291556
132050	0.0291946
132100	0.0291773
132150	0.0291861
132200	0.0291998
132250	0.0292112
132300	0.0293079
132350	0.0293295
132400	0.0293441
132450	0.0293204
132500	0.0293594
132550	0.0293734
132600	0.0293826
132650	0.0293917
132700	0.0293781
132750	0.0295738
132800	0.029526
132850	0.0295355
132900	0.0295459
132950	0.0295545
133000	0.0295326
133050	0.0295743
133100	0.029611
133150	0.0295943
133200	0.0297121
133250	0.0297286
133300	0.0297316
133350	0.0297432
133400	0.0297459
133450	0.0300753
133500	0.0299254
133550	0.0298588
133600	0.0297821
133650	0.0298979
133700	0.0299455
133750	0.0299217
133800	0.0299021
133850	0.0299438
133900	0.0299544
133950	0.0299614
134000	0.0299761
134050	0.0299912
134100	0.0301358
134150	0.0301545
134200	0.0301313
134250	0.0301259
134300	0.0301911
134350	0.0301942
134400	0.0301714
134450	0.030181
134500	0.0301902
134550	0.0302989
134600	0.0303469
134650	0.0303364
134700	0.0303432
134750	0.0303474
134800	0.0303301
134850	0.0303688
134900	0.0303796
134950	0.0303914
135000	0.0305686
135050	0.0305212
135100	0.0305605
135150	0.0305059
135200	0.0305491
135250	0.0305626
135300	0.0305706
135350	0.0306089
135400	0.0305986
135450	0.0306973
135500	0.0307159
135550	0.0307545
135600	0.0307358
135650	0.0311316
135700	0.0309171
135750	0.0308452
135800	0.0308036
135850	0.0307944
135900	0.0309168
135950	0.0309251
136000	0.0309327
136050	0.0309129
136100	0.0309483
136150	0.0309625
136200	0.0310036
136250	0.0309834
136300	0.030998
136350	0.0311575
136400	0.0311511
136450	0.0311487
136500	0.0311763
136550	0.0311548
136600	0.0311398
136650	0.0311785
136700	0.0311873
136750	0.0312254
136800	0.0313056
136850	0.031297
136900	0.0313353
136950	0.0313427
137000	0.0313567
137050	0.0316466
137100	0.0315241
137150	0.031452
137200	0.0317144
137250	0.0315455
137300	0.0315242
137350	0.0315395
137400	0.0315787
137450	0.031561
137500	0.0315714
137550	0.0316129
137600	0.0315978
137650	0.0315997
137700	0.0317461
137750	0.0319314
137800	0.0317907
137850	0.031778
137900	0.0317603
137950	0.0318333
138000	0.0318161
138050	0.0317959
138100	0.0318088
138150	0.0319194
138200	0.0319603
138250	0.0319498
138300	0.031931
138350	0.0319673
138400	0.0319801
138450	0.031995
138500	0.0320011
138550	0.0320142
138600	0.0321977
138650	0.0321455
138700	0.0321572
138750	0.0321701
138800	0.0322041
138850	0.0322203
138900	0.0322017
138950	0.0322142
139000	0.0322249
139050	0.0323308
139100	0.0323775
139150	0.0326501
139200	0.0326326
139250	0.0324646
139300	0.0324202
139350	0.0324092
139400	0.0324523
139450	0.0324839
139500	0.0325406
139550	0.0325565
139600	0.0325713
139650	0.0326082
139700	0.0325904
139750	0.0326004
139800	0.0326143
139850	0.0326224
139900	0.032634
139950	0.0328096
140000	0.0327674
140050	0.0327787
140100	0.032785
140150	0.0327986
140200	0.0328103
140250	0.0328505
140300	0.0328568
140350	0.0328453
140400	0.0329567
140450	0.0329778
140500	0.0330173
140550	0.0332932
140600	0.033269
140650	0.0331516
140700	0.0330672
140750	0.0330522
140800	0.0331134
140850	0.0331707
140900	0.033154
140950	0.0331869
141000	0.0331986
141050	0.0332299
141100	0.0332172
141150	0.0332332
141200	0.0332494
141250	0.0332551
141300	0.0334354
141350	0.0334158
141400	0.0334021
141450	0.033414
141500	0.0334839
141550	0.0334209
141600	0.033433
141650	0.033478
141700	0.033475
141750	0.0335763
141800	0.0335918
141850	0.0336369
141900	0.0339609
141950	0.0339044
142000	0.033734
142050	0.0336877
142100	0.0336649
142150	0.0337306
142200	0.03379
142250	0.0338066
142300	0.0338145
142350	0.0338231
142400	0.0338681
142450	0.0338521
142500	0.0338672
142550	0.033871
142600	0.0339375
142650	0.0340617
142700	0.0340951
142750	0.0340255
142800	0.0340353
142850	0.0340475
142900	0.034061
142950	0.0340968
143000	0.0341073
143050	0.0341031
143100	0.0342115
143150	0.0342576
143200	0.0346089
143250	0.0345061
143300	0.0343298
143350	0.0342996
143400	0.0342875
143450	0.034352
143500	0.0343694
143550	0.0344247
143600	0.0344396
143650	0.0345615
143700	0.0345835
143750	0.0345105
143800	0.0344875
143850	0.0345314
143900	0.03451
143950	0.0345184
144000	0.0347088
144050	0.0346639
144100	0.0346733
144150	0.0346835
144200	0.0347193
144250	0.0347049
144300	0.0347417
144350	0.0347261
144400	0.0347687
144450	0.0348908
144500	0.0350177
144550	0.0349407
144600	0.0349083
144650	0.0348989
144700	0.0349655
144750	0.0350517
144800	0.0351907
144850	0.0349737
144900	0.0350713
144950	0.0350818
145000	0.0350934
145050	0.0351041
145100	0.0351199
145150	0.035129
145200	0.0351359
145250	0.0351752
145300	0.0353897
145350	0.0353267
145400	0.0353365
145450	0.0353129
145500	0.0353597
145550	0.0353689
145600	0.0353489
145650	0.0353672
145700	0.0353712
145750	0.0354133
145800	0.035558
145850	0.0355544
145900	0.0355866
145950	0.0355483
146000	0.0355585
146050	0.035564
146100	0.0355741
146150	0.0356126
146200	0.0356029
146250	0.0357218
146300	0.0357585
146350	0.0357477
146400	0.0358146
146450	0.0357689
146500	0.0362182
146550	0.0358858
146600	0.0358467
146650	0.0358548
146700	0.0359597
146750	0.0359553
146800	0.0359666
146850	0.0359712
146900	0.0360166
146950	0.0360025
147000	0.0360159
147050	0.0360564
147100	0.0360378
147150	0.036219
147200	0.0361602
147250	0.0361766
147300	0.0361803
147350	0.0362236
147400	0.0362389
147450	0.0362174
147500	0.0362299
147550	0.0362692
147600	0.0364041
147650	0.0365417
147700	0.0364585
147750	0.0364259
147800	0.0364834
147850	0.0364847
147900	0.0365086
147950	0.0364515
148000	0.0364679
148050	0.0365911
148100	0.0366303
148150	0.0366223
148200	0.036681
148250	0.0366434
148300	0.0366491
148350	0.0367179
148400	0.0369596
148450	0.0370728
148500	0.0368294
148550	0.0368423
148600	0.0368329
148650	0.0368468
148700	0.0368803
148750	0.036902
148800	0.0369051
148850	0.0368936
148900	0.036909
148950	0.0371
149000	0.0370476
149050	0.0371563
149100	0.0370934
149150	0.0371746
149200	0.0371231
149250	0.0371241
149300	0.0371848
149350	0.0371265
149400	0.0372588
149450	0.037584
149500	0.0375533
149550	0.0373983
149600	0.0373656
149650	0.0373159
149700	0.0373771
149750	0.0373723
149800	0.0373827
149850	0.0374809
149900	0.0374847
149950	0.0375016
150000	0.0375119
150050	0.0375585
150100	0.0375348
150150	0.0375427
150200	0.0375846
150250	0.0380526
150300	0.0377399
150350	0.037721
150400	0.0377271
150450	0.0377766
150500	0.0377506
150550	0.0377901
150600	0.0377871
150650	0.0378445
150700	0.0378039
150750	0.037995
150800	0.0379687
150850	0.0379482
150900	0.0379595
150950	0.0379763
151000	0.0380098
151050	0.0379951
151100	0.0380311
151150	0.0380097
151200	0.0381551
151250	0.0386615
151300	0.0383159
151350	0.0382346
151400	0.0382192
151450	0.0382938
151500	0.0382847
151550	0.0382315
151600	0.0382696
151650	0.0383828
151700	0.0383778
151750	0.0384291
151800	0.0384045
151850	0.0384206
151900	0.0384295
151950	0.0384997
152000	0.0389802
152050	0.0386002
152100	0.0386132
152150	0.0386377
152200	0.0386178
152250	0.0386347
152300	0.0387058
152350	0.0386897
152400	0.0386729
152450	0.0386973
152500	0.0387027
152550	0.0388946
152600	0.0388445
152650	0.0388493
152700	0.0388875
152750	0.0389001
152800	0.0388835
152850	0.0389227
152900	0.0389134
152950	0.0389188
153000	0.0391155
153050	0.0390984
153100	0.0390875
153150	0.0392023
153200	0.0391102
153250	0.039115
153300	0.0391501
153350	0.0391338
153400	0.0391397
153450	0.0392851
153500	0.0392849
153550	0.0393368
153600	0.0393468
153650	0.039823
153700	0.0394841
153750	0.0394068
153800	0.0393746
153850	0.0395476
153900	0.0395107
153950	0.0395116
154000	0.039589
154050	0.0395502
154100	0.0395866
154150	0.0395643
154200	0.0395805
154250	0.0396133
154300	0.0396268
154350	0.0398045
154400	0.0397736
154450	0.0397861
154500	0.0397742
154550	0.0397811
154600	0.0398193
154650	0.0398026
154700	0.039876
154750	0.0398603
154800	0.040031
154850	0.0399865
154900	0.040057
154950	0.0399996
155000	0.0400104
155050	0.0400544
155100	0.0400346
155150	0.0400742
155200	0.0400596
155250	0.0402498
155300	0.0402866
155350	0.0402695
155400	0.040263
155450	0.0403253
155500	0.0402546
155550	0.0402703
155600	0.0403091
155650	0.040283
155700	0.0404311
155750	0.0404648
155800	0.0404961
155850	0.0404843
155900	0.0409178
155950	0.0406189
156000	0.0405609
156050	0.040532
156100	0.0406341
156150	0.0406675
156200	0.0407224
156250	0.0406827
156300	0.0407166
156350	0.0407356
156400	0.0407236
156450	0.0407615
156500	0.0407627
156550	0.0410162
156600	0.040936
156650	0.0409242
156700	0.0409077
156750	0.0409486
156800	0.0409335
156850	0.040942
156900	0.0410236
156950	0.0409722
157000	0.0410174
157050	0.0411893
157100	0.0411658
157150	0.0411474
157200	0.0411821
157250	0.0411791
157300	0.0412041
157350	0.0411956
157400	0.0412325
157450	0.0412224
157500	0.0414199
157550	0.0414382
157600	0.0414387
157650	0.0414263
157700	0.0414175
157750	0.0414471
157800	0.0414182
157850	0.0414523
157900	0.0415208
157950	0.0416067
158000	0.0431723
158050	0.0419664
158100	0.0417568
158150	0.04166
158200	0.0417525
158250	0.0417282
158300	0.0417351
158350	0.041757
158400	0.0418411
158450	0.0418864
158500	0.0418492
158550	0.0419021
158600	0.0419156
158650	0.0423577
158700	0.0420487
158750	0.0420079
158800	0.0419551
158850	0.0420782
158900	0.0420672
158950	0.0421489
159000	0.042096
159050	0.042155
159100	0.0421512
159150	0.0421693
159200	0.0421813
159250	0.0421843
159300	0.0423695
159350	0.0423356
159400	0.0423174
159450	0.0423686
159500	0.0423756
159550	0.042352
159600	0.0424317
159650	0.0423912
159700	0.0424273
159750	0.0426072
159800	0.0425777
159850	0.0425877
159900	0.0425991
159950	0.0426113
160000	0.042599
160050	0.0426353
160100	0.0426239
160150	0.0426621
160200	0.0428523
160250	0.0427971
160300	0.0428801
160350	0.04283
160400	0.042934
160450	0.0428746
160500	0.0428837
160550	0.0428934
160600	0.0428785
160650	0.0431049
160700	0.0431258
160750	0.0430898
160800	0.0430834
160850	0.0431324
160900	0.0430907
160950	0.0431318
161000	0.043114
161050	0.0431472
161100	0.0432777
161150	0.0433351
161200	0.0436643
161250	0.0434565
161300	0.0434046
161350	0.0433491
161400	0.0433977
161450	0.0434116
161500	0.0434563
161550	0.0435097
161600	0.0435444
161650	0.0435578
161700	0.0435638
161750	0.0436078
161800	0.0439521
161850	0.0437922
161900	0.0436794
161950	0.0436375
162000	0.0437568
162050	0.0437479
162100	0.0438188
162150	0.043805
162200	0.0437903
162250	0.0438247
162300	0.0438781
162350	0.0438529
162400	0.0442587
162450	0.0440252
162500	0.0439912
162550	0.044029
162600	0.0440499
162650	0.0440541
162700	0.0440762
162750	0.0440516
162800	0.0440982
162850	0.0441126
162900	0.0442959
162950	0.0442679
163000	0.0442687
163050	0.0442809
163100	0.0442699
163150	0.0443155
163200	0.0443256
163250	0.0443435
163300	0.0443522
163350	0.0445445
163400	0.044514
163450	0.0444903
163500	0.0445612
163550	0.044545
163600	0.04453
163650	0.0445687
163700	0.0445756
163750	0.0445647
163800	0.0447832
163850	0.0447332
163900	0.0447674
163950	0.0447782
164000	0.0447574
164050	0.0447957
164100	0.0448371
164150	0.0447987
164200	0.0448378
164250	0.0450202
164300	0.0450139
164350	0.0450889
164400	0.0450802
164450	0.0450406
164500	0.0450397
164550	0.045054
164600	0.0450368
164650	0.0451022
164700	0.0452437
164750	0.0453676
164800	0.0453387
164850	0.0452815
164900	0.0453426
164950	0.0452907
165000	0.045309
165050	0.0453082
165100	0.0452952
165150	0.0454528
165200	0.0455055
165250	0.0458996
165300	0.0456139
165350	0.0455729
165400	0.0455471
165450	0.0456784
165500	0.045556
165550	0.0455738
165600	0.0456966
165650	0.0457772
165700	0.0457358
165750	0.0457485
165800	0.0462762
165850	0.0458963
165900	0.0458601
165950	0.0457948
166000	0.0459012
166050	0.0459427
166100	0.0459721
166150	0.0459797
166200	0.0459707
166250	0.0460662
166300	0.0460198
166350	0.0465622
166400	0.0461337
166450	0.0462307
166500	0.0462137
166550	0.0461848
166600	0.04626
166650	0.0462434
166700	0.0462529
166750	0.0462465
166800	0.0463124
166850	0.0466044
166900	0.0466086
166950	0.0464544
167000	0.0464677
167050	0.0464791
167100	0.0465211
167150	0.0464783
167200	0.0465212
167250	0.0465252
167300	0.0465526
167350	0.0465869
167400	0.0467556
167450	0.0467085
167500	0.0467248
167550	0.0467409
167600	0.0467246
167650	0.0467974
167700	0.046785
167750	0.0467909
167800	0.0468042
167850	0.0470085
167900	0.0469263
167950	0.0469734
168000	0.046986
168050	0.0470043
168100	0.0470216
168150	0.0470399
168200	0.0470384
168250	0.0470522
168300	0.047261
168350	0.0472453
168400	0.0472353
168450	0.0472368
168500	0.047224
168550	0.0472613
168600	0.0472768
168650	0.0473204
168700	0.0473075
168750	0.0475242
168800	0.0474637
168850	0.0475065
168900	0.0474898
168950	0.0474665
169000	0.0475201
169050	0.0475282
169100	0.0475481
169150	0.047584
169200	0.0477572
169250	0.0477178
169300	0.0477231
169350	0.0477735
169400	0.0477566
169450	0.0477682
169500	0.0477497
169550	0.0477987
169600	0.0478054
169650	0.0480276
169700	0.0479904
169750	0.0479659
169800	0.0479922
169850	0.0480213
169900	0.0480002
169950	0.0480668
170000	0.0480358
170050	0.0480507
170100	0.0482737
170150	0.0482185
170200	0.0482299
170250	0.0482423
170300	0.0482536
170350	0.048292
170400	0.0482778
170450	0.0482936
170500	0.0483036
170550	0.0485098
170600	0.0484933
170650	0.0484482
170700	0.0484949
170750	0.0485029
170800	0.0485112
170850	0.0485612
170900	0.04854
170950	0.0485596
171000	0.0487876
171050	0.0487814
171100	0.0487317
171150	0.0488137
171200	0.0487639
171250	0.0487733
171300	0.0488162
171350	0.0487941
171400	0.0487851
171450	0.0490156
171500	0.0490326
171550	0.0490231
171600	0.0489982
171650	0.0490123
171700	0.049005
171750	0.0490701
171800	0.0490603
171850	0.0490699
171900	0.0492671
171950	0.0493262
172000	0.0493481
172050	0.0492923
172100	0.0492712
172150	0.0492791
172200	0.049301
172250	0.0493129
172300	0.0493217
172350	0.0495215
172400	0.0495227
172450	0.0495936
172500	0.0495197
172550	0.0495253
172600	0.0495429
172650	0.04955
172700	0.0496055
172750	0.0495801
172800	0.0497764
172850	0.0498773
172900	0.0498541
172950	0.0497813
173000	0.0497872
173050	0.0497996
173100	0.0498123
173150	0.0498501
173200	0.0498371
173250	0.0500562
173300	0.0500684
173350	0.0501297
173400	0.0500583
173450	0.0500565
173500	0.05006
173550	0.0500655
173600	0.0501076
173650	0.0501016
173700	0.0502951
173750	0.0502988
173800	0.0503591
173850	0.0503876
173900	0.0502806
173950	0.0503176
174000	0.0503222
174050	0.0503593
174100	0.0503557
174150	0.0505625
174200	0.0505767
174250	0.0506223
174300	0.0505452
174350	0.0505773
174400	0.0505741
174450	0.0505913
174500	0.0506264
174550	0.050605
174600	0.0508099
174650	0.0508964
174700	0.0508418
174750	0.0508354
174800	0.0508288
174850	0.050831
174900	0.050868
174950	0.050854
175000	0.0508761
175050	0.0513062
175100	0.0510952
175150	0.0510838
175200	0.0510679
175250	0.0510947
175300	0.0510933
175350	0.0511212
175400	0.0511472
175450	0.0511307
175500	0.0513708
175550	0.0513524
175600	0.0513531
175650	0.0513871
175700	0.0513807
175750	0.0513782
175800	0.0513577
175850	0.0513803
175900	0.0513902
175950	0.0516188
176000	0.0515609
176050	0.0516045
176100	0.0515883
176150	0.0516105
176200	0.0516705
176250	0.0516244
176300	0.0516359
176350	0.051649
176400	0.0518796
176450	0.0518544
176500	0.0518348
176550	0.0518784
176600	0.0519043
176650	0.0518791
176700	0.0519235
176750	0.0519049
176800	0.0519136
176850	0.0521436
176900	0.0521129
176950	0.0520991
177000	0.0521503
177050	0.0521233
177100	0.0521355
177150	0.0521524
177200	0.0521863
177250	0.0521769
177300	0.0524311
177350	0.0523562
177400	0.0523872
177450	0.0523794
177500	0.0523883
177550	0.0524037
177600	0.052414
177650	0.0524291
177700	0.0525028
177750	0.0526722
177800	0.05265
177850	0.0526476
177900	0.0526501
177950	0.0526599
178000	0.052679
178050	0.0526828
178100	0.0527677
178150	0.0527166
178200	0.0529482
178250	0.0528899
178300	0.0529003
178350	0.052913
178400	0.0529548
178450	0.0529386
178500	0.0529928
178550	0.052979
178600	0.0529859
178650	0.0532206
178700	0.0531542
178750	0.0531662
178800	0.0531786
178850	0.0531921
178900	0.0532591
178950	0.0532432
179000	0.0532293
179050	0.0532956
179100	0.0534809
179150	0.0534097
179200	0.053428
179250	0.0534401
179300	0.0535101
179350	0.0534744
179400	0.053474
179450	0.0535206
179500	0.0540956
179550	0.0536914
179600	0.053672
179650	0.0537455
179700	0.0537026
179750	0.0537296
179800	0.0537642
179850	0.0540167
179900	0.0541184
179950	0.0538604
180000	0.053949
180050	0.0539788
180100	0.0540152
180150	0.0539768
180200	0.0540469
180250	0.0545613
180300	0.0541645
180350	0.0541184
180400	0.0541322
180450	0.0542144
180500	0.0542662
180550	0.0543198
180600	0.0545925
180650	0.0545721
180700	0.054347
180750	0.0543604
180800	0.0544016
180850	0.0543766
180900	0.0544758
180950	0.0545117
181000	0.0551902
181050	0.0546247
181100	0.0545897
181150	0.0545994
181200	0.0546333
181250	0.0545714
181300	0.0545949
181350	0.0547931
181400	0.0549099
181450	0.0548441
181500	0.0548546
181550	0.0549129
181600	0.0548505
181650	0.0548645
181700	0.0548491
181750	0.0548744
181800	0.0550913
181850	0.0551006
181900	0.0550734
181950	0.055128
182000	0.0550893
182050	0.0550801
182100	0.0551462
182150	0.0551715
182200	0.0551425
182250	0.0553582
182300	0.0553663
182350	0.0553555
182400	0.055391
182450	0.0553366
182500	0.0554301
182550	0.0554277
182600	0.0554043
182650	0.0554339
182700	0.0556264
182750	0.0555675
182800	0.0555849
182850	0.0556565
182900	0.0556761
182950	0.0556513
183000	0.0556932
183050	0.0556736
183100	0.0557445
183150	0.0559129
183200	0.0558389
183250	0.0558805
183300	0.0559155
183350	0.0559029
183400	0.0559213
183450	0.0559523
183500	0.0559393
183550	0.0559733
183600	0.0561793
183650	0.0561243
183700	0.0561602
183750	0.0561497
183800	0.0562207
183850	0.0561993
183900	0.0561935
183950	0.0562923
184000	0.0566762
184050	0.0564239
184100	0.0563972
184150	0.0564436
184200	0.0564731
184250	0.0564432
184300	0.0565128
184350	0.0570238
184400	0.0570324
184450	0.0564317
184500	0.0565442
184550	0.0565377
184600	0.0565836
184650	0.0568799
184700	0.0568612
184750	0.0566922
184800	0.0566615
184850	0.0567016
184900	0.0567028
184950	0.0568184
185000	0.0573576
185050	0.0569548
185100	0.0569103
185150	0.056915
185200	0.0569442
185250	0.0569332
185300	0.0569429
185350	0.0569182
185400	0.0571921
185450	0.0571905
185500	0.0571738
185550	0.0572816
185600	0.0571406
185650	0.0571633
185700	0.0572238
185750	0.0571817
185800	0.0572416
185850	0.0574303
185900	0.0573718
185950	0.057419
186000	0.0574027
186050	0.0574714
186100	0.0574329
186150	0.0576475
186200	0.0576525
186250	0.0575231
186300	0.0577159
186350	0.0577095
186400	0.0576657
186450	0.0577081
186500	0.0577244
186550	0.0577378
186600	0.0577238
186650	0.0577699
186700	0.0577867
186750	0.0579967
186800	0.0579205
186850	0.0579875
186900	0.0579493
186950	0.0580205
187000	0.0580214
187050	0.058018
187100	0.0580697
187150	0.0585986
187200	0.0582263
187250	0.0582521
187300	0.0582227
187350	0.0582564
187400	0.0583036
187450	0.0588578
187500	0.0584448
187550	0.0584013
187600	0.0583668
187650	0.0584831
187700	0.0585124
187750	0.0590044
187800	0.0586545
187850	0.0586266
187900	0.0586069
187950	0.0586865
188000	0.0586116
188050	0.0586163
188100	0.0588146
188150	0.0588682
188200	0.0588466
188250	0.0588662
188300	0.0588448
188350	0.0588474
188400	0.0588453
188450	0.0589183
188500	0.058857
188550	0.0591072
188600	0.059111
188650	0.0591573
188700	0.0590992
188750	0.0591311
188800	0.0591318
188850	0.0591136
188900	0.0591523
188950	0.0591793
189000	0.0593993
189050	0.0593872
189100	0.0593264
189150	0.0593722
189200	0.0593656
189250	0.0594351
189300	0.0594235
189350	0.059439
189400	0.0594556
189450	0.0596749
189500	0.0596081
189550	0.0597017
189600	0.0596767
189650	0.0596855
189700	0.0596761
189750	0.0597336
189800	0.0604191
189850	0.0597934
189900	0.059897
189950	0.0599206
190000	0.0599827
190050	0.0603341
190100	0.0601771
190150	0.0600189
190200	0.0601505
190250	0.0600438
190300	0.0600519
190350	0.0602201
190400	0.0602906
190450	0.0602893
190500	0.060289
190550	0.0602964
190600	0.0602774
190650	0.0602666
190700	0.0603085
190750	0.0603349
190800	0.060522
190850	0.0605197
190900	0.0605428
190950	0.0605271
191000	0.0605623
191050	0.0605257
191100	0.0605587
191150	0.060574
191200	0.060555
191250	0.0608114
191300	0.0608014
191350	0.0607482
191400	0.0608011
191450	0.0608132
191500	0.0607956
191550	0.0608951
191600	0.0608681
191650	0.0608834
191700	0.0611097
191750	0.0610586
191800	0.0610672
191850	0.0611147
191900	0.061099
191950	0.0611196
192000	0.0616826
192050	0.0612572
192100	0.0612288
192150	0.0613271
192200	0.0613471
192250	0.0618798
192300	0.0614995
192350	0.0614327
192400	0.0615668
192450	0.0614351
192500	0.0614672
192550	0.0614273
192600	0.0616631
192650	0.0616816
192700	0.0616949
192750	0.0617001
192800	0.0616524
192850	0.0616979
192900	0.0617337
192950	0.0617316
193000	0.0618092
193050	0.0619843
193100	0.0619303
193150	0.0619358
193200	0.0619529
193250	0.0619659
193300	0.0619515
193350	0.0619842
193400	0.0620752
193450	0.0621839
193500	0.0622487
193550	0.062239
193600	0.0622284
193650	0.0622451
193700	0.0622608
193750	0.0623065
193800	0.0623112
193850	0.0628778
193900	0.0623705
193950	0.0624911
194000	0.0625326
194050	0.0625421
194100	0.0630536
194150	0.0626
194200	0.0626513
194250	0.0626379
194300	0.0627987
194350	0.0626463
194400	0.0628282
194450	0.0628899
194500	0.0628597
194550	0.0628808
194600	0.0629125
194650	0.0628674
194700	0.0628764
194750	0.0628831
194800	0.0628985
194850	0.0631185
194900	0.0630956
194950	0.0631232
195000	0.0631151
195050	0.0631013
195100	0.063152
195150	0.0631594
195200	0.0632037
195250	0.0632052
195300	0.063443
195350	0.0633754
195400	0.0633801
195450	0.0634283
195500	0.0634258
195550	0.0634313
195600	0.063983
195650	0.063585
195700	0.0635435
195750	0.0636507
195800	0.0637237
195850	0.0641913
195900	0.0637955
195950	0.0637884
196000	0.0638791
196050	0.0637917
196100	0.0637321
196150	0.0637882
196200	0.0639915
196250	0.0640066
196300	0.0640051
196350	0.0639874
196400	0.064011
196450	0.0640484
196500	0.0640058
196550	0.0640489
196600	0.0640584
196650	0.064297
196700	0.0642568
196750	0.064269
196800	0.0642733
196850	0.064284
196900	0.0643042
196950	0.0643556
197000	0.0643095
197050	0.0644619
197100	0.0645969
197150	0.064573
197200	0.0645524
197250	0.0645971
197300	0.0650378
197350	0.0647331
197400	0.0647237
197450	0.0647361
197500	0.0647469
197550	0.0648595
197600	0.0648695
197650	0.0649303
197700	0.0649066
197750	0.0649391
197800	0.0649134
197850	0.0649235
197900	0.0649643
197950	0.0649486
198000	0.0651744
198050	0.0651415
198100	0.065145
198150	0.0651678
198200	0.0651801
198250	0.0651834
198300	0.0651955
198350	0.0652511
198400	0.0652409
198450	0.0654716
198500	0.0654292
198550	0.0654742
198600	0.0656564
198650	0.0655127
198700	0.0658162
198750	0.0658048
198800	0.0656215
198850	0.0656476
198900	0.0657097
198950	0.0662674
199000	0.0658204
199050	0.0658384
199100	0.0658245
199150	0.0658125
199200	0.0658021
199250	0.0658203
199300	0.0658663
199350	0.0660699
199400	0.0660267
199450	0.0660392
199500	0.066094
199550	0.0660717
199600	0.0660727
199650	0.0660913
199700	0.0661147
199750	0.0661426
199800	0.0663702
199850	0.0665695
199900	0.0663584
199950	0.066414
200000	0.0663702
200050	0.0664376
200100	0.0668718
200150	0.0665315
200200	0.0665449
200250	0.0666017
200300	0.0670935
200350	0.0667336
200400	0.066725
200450	0.0667424
200500	0.0666686
200550	0.0667278
200600	0.0667053
200650	0.0667593
200700	0.066954
200750	0.0669157
200800	0.0669338
200850	0.0669739
200900	0.066955
200950	0.0669837
201000	0.0669808
201050	0.0670077
201100	0.0670357
201150	0.0672598
201200	0.0672135
201250	0.0672313
201300	0.0672926
201350	0.0672686
201400	0.0673527
201450	0.0677918
201500	0.0673802
201550	0.0675062
201600	0.0675036
201650	0.0679678
201700	0.067593
201750	0.0676646
201800	0.0676319
201850	0.0676125
201900	0.0675999
201950	0.0676383
202000	0.0676108
202050	0.0678583
202100	0.0678218
202150	0.0678638
202200	0.0678472
202250	0.067859
202300	0.0678676
202350	0.0679022
202400	0.0679017
202450	0.0679484
202500	0.0681558
202550	0.0681031
202600	0.0681347
202650	0.0681658
202700	0.0682164
202750	0.0687222
202800	0.0682646
202850	0.0683258
202900	0.0684354
202950	0.0684466
203000	0.0684842
203050	0.0685705
203100	0.0685071
203150	0.0684983
203200	0.0684929
203250	0.0685284
203300	0.0685129
203350	0.0685216
203400	0.0687812
203450	0.0687356
203500	0.0687441
203550	0.0687487
203600	0.0687722
203650	0.0687764
203700	0.0688497
203750	0.0688124
203800	0.0691201
203850	0.069061
203900	0.0690622
203950	0.0690913
204000	0.0695674
204050	0.0691729
204100	0.0692087
204150	0.0691632
204200	0.0692891
204250	0.0691572
204300	0.0693717
204350	0.0693486
204400	0.0693961
204450	0.0694048
204500	0.0694027
204550	0.0694221
204600	0.0694137
204650	0.0694335
204700	0.0694482
204750	0.0696924
204800	0.0696301
204850	0.0696737
204900	0.0696637
204950	0.0697088
205000	0.0697351
205050	0.0701928
205100	0.0698462
205150	0.0698397
205200	0.0699663
205250	0.0701633
205300	0.0700184
205350	0.0701449
205400	0.0700403
205450	0.07012
205500	0.0700215
205550	0.070091
205600	0.070068
205650	0.0702881
205700	0.0703062
205750	0.0702607
205800	0.0702654
205850	0.0702929
205900	0.0702987
205950	0.0703464
206000	0.0703686
206050	0.0703842
206100	0.0706006
206150	0.0705583
206200	0.070595
206250	0.0710635
206300	0.0707191
206350	0.0706772
206400	0.0707067
206450	0.0706983
206500	0.0707141
206550	0.0709674
206600	0.0708821
206650	0.0709078
206700	0.0709689
206750	0.0709036
206800	0.0709266
206850	0.0709332
206900	0.0709677
206950	0.0709621
207000	0.071213
207050	0.0711794
207100	0.0711746
207150	0.0712291
207200	0.0712233
207250	0.0716697
207300	0.0713671
207350	0.0713245
207400	0.07141
207450	0.0715124
207500	0.0715528
207550	0.0716146
207600	0.0715253
207650	0.0715408
207700	0.0716062
207750	0.0716385
207800	0.0715643
207850	0.0715815
207900	0.071845
207950	0.0717713
208000	0.0718571
208050	0.0718087
208100	0.0718313
208150	0.0718948
208200	0.0718557
208250	0.0723409
208300	0.0720265
208350	0.0720932
208400	0.0725981
208450	0.0722016
208500	0.0723039
208550	0.0722
208600	0.0721595
208650	0.0722296
208700	0.0722193
208750	0.0722358
208800	0.0724465
208850	0.0724615
208900	0.0724386
208950	0.0724202
209000	0.0724711
209050	0.0724664
209100	0.0724722
209150	0.0725372
209200	0.0725512
209250	0.0727726
209300	0.0727062
209350	0.0731189
209400	0.0729924
209450	0.07282
209500	0.0728869
209550	0.0728268
209600	0.0728399
209650	0.0728519
209700	0.0730692
209750	0.0731037
209800	0.0730652
209850	0.0730761
209900	0.0730965
209950	0.0730868
210000	0.073089
210050	0.0731285
210100	0.0731485
210150	0.0733806
210200	0.0733413
210250	0.0733957
210300	0.0737257
210350	0.0736247
210400	0.0735043
210450	0.0735498
210500	0.0734658
210550	0.0735377
210600	0.0736972
210650	0.0736926
210700	0.0736899
210750	0.0737402
210800	0.0736908
210850	0.0737609
210900	0.0737264
210950	0.0737282
211000	0.0737982
211050	0.0740219
211100	0.0739733
211150	0.0739903
211200	0.0740062
211250	0.0745237
211300	0.0741503
211350	0.0741786
211400	0.0741192
211450	0.0740991
211500	0.0743317
211550	0.0743416
211600	0.0743165
211650	0.0743323
211700	0.0743513
211750	0.0743646
211800	0.074382
211850	0.074362
211900	0.0744074
211950	0.0746427
212000	0.0745907
212050	0.0746386
212100	0.0746135
212150	0.0750685
212200	0.0748255
212250	0.0747665
212300	0.0747917
212350	0.0747457
212400	0.0749594
212450	0.074925
212500	0.0749815
212550	0.0749303
212600	0.0750064
212650	0.0749689
212700	0.0750347
212750	0.0750084
212800	0.0750395
212850	0.0752902
212900	0.0752076
212950	0.0755032
213000	0.0752732
213050	0.0757772
213100	0.075425
213150	0.0754102
213200	0.0754194
213250	0.0753618
213300	0.0756065
213350	0.0755975
213400	0.0755803
213450	0.0756398
213500	0.0756096
213550	0.0756027
213600	0.0756487
213650	0.0756489
213700	0.0756758
213750	0.0759388
213800	0.0758796
213850	0.0759457
213900	0.0759769
213950	0.0764759
214000	0.075997
214050	0.076103
214100	0.076043
214150	0.0760882
214200	0.0762319
214250	0.0761774
214300	0.0762498
214350	0.0762331
214400	0.0762438
214450	0.0762583
214500	0.0762423
214550	0.0763151
214600	0.0763071
214650	0.0765955
214700	0.0765103
214750	0.0765276
214800	0.0770934
214850	0.0766757
214900	0.0767021
214950	0.0766511
215000	0.0766553
215050	0.0766314
215100	0.0768775
215150	0.0769094
215200	0.0768757
215250	0.0768779
215300	0.0768618
215350	0.076904
215400	0.0769276
215450	0.0769369
215500	0.076988
215550	0.0771837
215600	0.0772068
215650	0.077638
215700	0.0773084
215750	0.0773053
215800	0.0772718
215850	0.0773102
215900	0.0772965
215950	0.0772757
216000	0.0775107
216050	0.0775099
216100	0.077463
216150	0.0775028
216200	0.0775146
216250	0.0775264
216300	0.0775822
216350	0.07762
216400	0.0781268
216450	0.0778009
216500	0.0783623
216550	0.0779114
216600	0.0779359
216650	0.0778818
216700	0.0779042
216750	0.077849
216800	0.0779424
216850	0.0779135
216900	0.0781655
216950	0.0781443
217000	0.0781051
217050	0.0781494
217100	0.0781894
217150	0.078216
217200	0.0785671
217250	0.0784198
217300	0.0783098
217350	0.0785062
217400	0.0785574
217450	0.0786298
217500	0.0784547
217550	0.0785408
217600	0.0785498
217650	0.0785108
217700	0.0785454
217750	0.0785436
217800	0.0788098
217850	0.0787379
217900	0.0787821
217950	0.0788592
218000	0.079054
218050	0.0795365
218100	0.0790605
218150	0.0790631
218200	0.0789413
218250	0.0791345
218300	0.0790586
218350	0.0791358
218400	0.0791289
218450	0.0791374
218500	0.0791202
218550	0.07918
218600	0.0791767
218650	0.0792301
218700	0.0794727
218750	0.0794339
218800	0.079815
218850	0.0797595
218900	0.0795537
218950	0.0796032
219000	0.0794893
219050	0.079562
219100	0.079566
219150	0.0798056
219200	0.0797844
219250	0.0797669
219300	0.0797864
219350	0.079789
219400	0.0797686
219450	0.079844
219500	0.0802627
219550	0.0801917
219600	0.0801118
219650	0.0801593
219700	0.0801889
219750	0.0801705
219800	0.0801811
219850	0.0801674
219900	0.0801575
219950	0.0801697
220000	0.0801872
220050	0.0804328
220100	0.0803775
220150	0.080404
220200	0.0804174
220250	0.0804639
220300	0.0809901
220350	0.0805626
220400	0.0806342
220450	0.0806155
220500	0.0807548
220550	0.080729
220600	0.0807519
220650	0.0807784
220700	0.0807876
220750	0.0807861
220800	0.0808119
220850	0.0808238
220900	0.080845
220950	0.081104
221000	0.0811019
221050	0.0816039
221100	0.0811633
221150	0.0812301
221200	0.0811854
221250	0.0811966
221300	0.0811675
221350	0.0812123
221400	0.0814308
221450	0.0813909
221500	0.0814151
221550	0.0814177
221600	0.0814275
221650	0.0814763
221700	0.081814
221750	0.0818053
221800	0.081574
221850	0.0817518
221900	0.0818723
221950	0.0818427
222000	0.0817785
222050	0.0818275
222100	0.0817841
222150	0.0818071
222200	0.0818237
222250	0.0818327
222300	0.0820893
222350	0.0820824
222400	0.0821128
222450	0.0825561
222500	0.0822424
222550	0.0823141
222600	0.0822011
222650	0.0821512
222700	0.0822134
222750	0.0824359
222800	0.0824156
222850	0.0823931
222900	0.08241
222950	0.0824051
223000	0.0824294
223050	0.082538
223100	0.0828528
223150	0.0827083
223200	0.0827699
223250	0.0828363
223300	0.0828378
223350	0.0827557
223400	0.0828347
223450	0.0828178
223500	0.0827883
223550	0.0828563
223600	0.0828601
223650	0.0831091
223700	0.0830544
223750	0.083114
223800	0.0832434
223850	0.0835396
223900	0.0832076
223950	0.0833074
224000	0.0831803
224050	0.0832182
224100	0.0834847
224150	0.0834224
224200	0.083424
224250	0.083453
224300	0.0834583
224350	0.0834875
224400	0.0835447
224450	0.083721
224500	0.0838044
224550	0.0837682
224600	0.083833
224650	0.0838616
224700	0.083848
224750	0.083831
224800	0.0838163
224850	0.0837887
224900	0.0838428
224950	0.0838695
225000	0.0841105
225050	0.0840927
225100	0.0841011
225150	0.0845551
225200	0.0843121
225250	0.0843089
225300	0.084306
225350	0.0841752
225400	0.0842421
225450	0.0844389
