100	0.000001
200	0.000002
300	0.000003
400	0.000004
500	0.000005
600	0.000006
700	0.000008
800	0.000009
900	0.000011
1000	0.000013
1100	0.000015
1200	0.000018
1300	0.000020
1400	0.000022
1500	0.000025
1600	0.000028
1700	0.000031
1800	0.000034
1900	0.000038
2000	0.000041
2100	0.000044
2200	0.000049
2300	0.000052
2400	0.000056
2500	0.000060
2600	0.000064
2700	0.000068
2800	0.000073
2900	0.000078
3000	0.000082
3100	0.000088
3200	0.000091
3300	0.000098
3400	0.000102
3500	0.000110
3600	0.000114
3700	0.000120
3800	0.000125
3900	0.000133
4000	0.000141
4100	0.000146
4200	0.000153
4300	0.000157
4400	0.000165
4500	0.000172
4600	0.000180
4700	0.000186
4800	0.000197
4900	0.000201
5000	0.000209
5100	0.000217
5200	0.000227
5300	0.000236
5400	0.000245
5500	0.000250
5600	0.000260
5700	0.000266
5800	0.000276
5900	0.000288
6000	0.000297
6100	0.000305
6200	0.000311
6300	0.000323
6400	0.000334
6500	0.000345
6600	0.000355
6700	0.000364
6800	0.000373
6900	0.000383
7000	0.000393
7100	0.000405
7200	0.000416
7300	0.000430
7400	0.000438
7500	0.000445
7600	0.000462
7700	0.000477
7800	0.000484
7900	0.000498
8000	0.000510
8100	0.000518
8200	0.000536
8300	0.000546
8400	0.000562
8500	0.000573
8600	0.000586
8700	0.000596
8800	0.000610
8900	0.000618
9000	0.000639
9100	0.000652
9200	0.000663
9300	0.000681
9400	0.000699
9500	0.000708
9600	0.000712
9700	0.000730
9800	0.000753
9900	0.000770
10000	0.000784
