50	6.3138e-06
150	7.5193e-06
250	9.3576e-06
350	1.28528e-05
450	8.6011e-06
550	9.7334e-06
650	2.11406e-05
750	1.20985e-05
850	1.32576e-05
950	1.44183e-05
1000	1.68403e-05
1050	1.88167e-05
1100	1.96097e-05
1150	1.98899e-05
1200	4.09751e-05
1250	2.12697e-05
1300	2.18248e-05
1350	2.25558e-05
1400	2.29598e-05
1450	2.35838e-05
1500	2.50394e-05
1550	2.76487e-05
1600	2.83626e-05
1650	2.92267e-05
1700	3.10632e-05
1750	3.17773e-05
1800	3.20767e-05
1850	3.12448e-05
1900	3.19825e-05
1950	3.26083e-05
2000	3.42085e-05
2050	3.63481e-05
2100	3.69632e-05
2150	4.53917e-05
2200	3.85425e-05
2250	3.88078e-05
2300	3.9435e-05
2350	4.04716e-05
2400	8.99774e-05
2450	4.10777e-05
2500	4.18165e-05
2550	4.37359e-05
2600	4.42876e-05
2650	4.49339e-05
2700	4.60337e-05
2750	4.63139e-05
2800	4.94e-05
2850	4.76752e-05
2900	4.86654e-05
2950	4.85193e-05
3000	5.04438e-05
3050	5.19907e-05
3100	5.26651e-05
3150	5.32644e-05
3200	5.39898e-05
3250	5.46587e-05
3300	5.4956e-05
3350	5.66669e-05
3400	5.61852e-05
3450	5.67385e-05
3500	5.84995e-05
3550	6.02183e-05
3600	6.08063e-05
3650	6.13954e-05
3700	6.21243e-05
3750	6.26078e-05
3800	6.38995e-05
3850	6.38203e-05
3900	6.45433e-05
3950	6.51769e-05
4000	6.64771e-05
4050	6.85398e-05
4100	7.18188e-05
4150	6.98006e-05
4200	7.04409e-05
4250	7.10484e-05
4300	7.13786e-05
4350	7.22225e-05
4400	7.26875e-05
4450	7.32067e-05
4500	7.51955e-05
4550	7.65818e-05
4600	7.72016e-05
4650	8.0209e-05
4700	0.000177489
4750	8.16303e-05
4800	8.15218e-05
4850	7.97993e-05
4900	8.03981e-05
4950	8.09463e-05
5000	8.28914e-05
5050	8.50322e-05
5100	8.58307e-05
5150	8.60979e-05
5200	8.78593e-05
5250	8.75476e-05
5300	8.80254e-05
5350	8.84771e-05
5400	8.90503e-05
5450	9.12162e-05
5500	9.21785e-05
5550	9.31128e-05
5600	9.37357e-05
5650	9.51012e-05
5700	9.57958e-05
5750	9.56874e-05
5800	9.61576e-05
5850	9.66118e-05
5900	9.71747e-05
5950	9.79051e-05
6000	0.000100183
6050	0.000101077
6100	0.000102847
6150	0.000102359
6200	0.000103182
6250	0.000103798
6300	0.000107561
6350	0.000104972
6400	0.000105529
6450	0.000106507
6500	0.000107683
6550	0.000109234
6600	0.000110821
6650	0.000110985
6700	0.000112662
6750	0.000113056
6800	0.000112372
6850	0.000112686
6900	0.000113649
6950	0.000114287
7000	0.00011548
7050	0.000119939
7100	0.000119308
7150	0.000118807
7200	0.000119241
7250	0.000119943
7300	0.000120545
7350	0.000128003
7400	0.000121586
7450	0.000122194
7500	0.000123924
7550	0.000132322
7600	0.000126248
7650	0.000129494
7700	0.000127157
7750	0.000128096
7800	0.000129035
7850	0.000131211
7900	0.000131325
7950	0.000130631
8000	0.000131992
8050	0.000133714
8100	0.000134624
8150	0.000135099
8200	0.000135786
8250	0.000139343
8300	0.000136896
8350	0.000140177
8400	0.000137907
8450	0.000138349
8500	0.000141236
8550	0.000142001
8600	0.000142844
8650	0.000143356
8700	0.000152217
8750	0.000145245
8800	0.00014842
8850	0.000148244
8900	0.000145763
8950	0.000147851
9000	0.000149214
9050	0.000149663
9100	0.000150448
9150	0.000151024
9200	0.000153316
9250	0.000153466
9300	0.00015294
9350	0.000356582
9400	0.000156655
9450	0.000153827
9500	0.00015565
9550	0.000157469
9600	0.000158319
9650	0.000159023
9700	0.000159873
9750	0.000160279
9800	0.000161059
9850	0.000164374
9900	0.000164028
9950	0.00016713
10000	0.000164865
10050	0.000165632
10100	0.000166328
10150	0.00016726
10200	0.000167687
10250	0.000168151
10300	0.000169592
10350	0.000170435
10400	0.000171846
10450	0.000173115
10500	0.000172708
10550	0.000173592
10600	0.000174381
10650	0.000175212
10700	0.000175981
10750	0.000176531
10800	0.000178318
10850	0.000180725
10900	0.000178107
10950	0.000178523
11000	0.000181147
11050	0.000182178
11100	0.000183787
11150	0.000183239
11200	0.000183993
11250	0.000187797
11300	0.000187396
11350	0.000185979
11400	0.000189314
11450	0.000186896
11500	0.000189419
11550	0.000190094
11600	0.000198564
11650	0.000193731
11700	0.000192689
11750	0.000192327
11800	0.000192945
11850	0.000193898
11900	0.000194695
11950	0.000195147
12000	0.000196357
12050	0.000197444
12100	0.000198449
12150	0.000200243
12200	0.000203638
12250	0.000200601
12300	0.00020105
12350	0.000208814
12400	0.00020271
12450	0.000203119
12500	0.000206261
12550	0.000206087
12600	0.00020946
12650	0.00020858
12700	0.000208116
12750	0.000208709
12800	0.000209627
12850	0.00021019
12900	0.000210934
12950	0.000211571
13000	0.000213547
13050	0.000215811
13100	0.000215819
13150	0.00021682
13200	0.000216293
13250	0.000216901
13300	0.000217872
13350	0.000218794
13400	0.000218546
13450	0.000219181
13500	0.000221752
13550	0.000230206
13600	0.000223938
13650	0.000223766
13700	0.000224375
13750	0.000224945
13800	0.000228338
13850	0.000228253
13900	0.000227022
13950	0.000227893
14000	0.000229071
14050	0.000231571
14100	0.000238261
14150	0.000232177
14200	0.00023263
14250	0.000233307
14300	0.000233991
14350	0.000234617
14400	0.000235311
14450	0.000235855
14500	0.000237929
14550	0.000238927
14600	0.000239699
14650	0.000240272
14700	0.000240902
14750	0.000241609
14800	0.000241663
14850	0.000242467
14900	0.000245836
14950	0.000246632
15000	0.000245484
15050	0.000249782
15100	0.000247548
15150	0.000248402
15200	0.000255741
15250	0.00024967
15300	0.000250282
15350	0.000250928
15400	0.000251346
15450	0.000252881
15500	0.000253995
15550	0.000255036
15600	0.000255945
15650	0.000256437
15700	0.000257506
15750	0.00025784
15800	0.000258494
15850	0.00025885
15900	0.000260435
15950	0.000267718
16000	0.000262621
16050	0.000263148
16100	0.000263607
16150	0.000264389
16200	0.000264668
16250	0.000265424
16300	0.000266205
16350	0.000267168
16400	0.000268611
16450	0.000268135
16500	0.000270373
16550	0.000270927
16600	0.000273839
16650	0.000273191
16700	0.000276646
16750	0.000274517
16800	0.000275507
16850	0.000276967
16900	0.000283891
16950	0.000276718
17000	0.000279486
17050	0.000280596
17100	0.000279147
17150	0.00027984
17200	0.000283964
17250	0.00028184
17300	0.000283595
17350	0.000283313
17400	0.00028366
17450	0.00029128
17500	0.000287217
17550	0.000287901
17600	0.00028859
17650	0.000289112
17700	0.000289686
17750	0.00029179
17800	0.000291125
17850	0.000294544
17900	0.000292355
17950	0.000293259
18000	0.000295037
18050	0.000296148
18100	0.000299153
18150	0.00029677
18200	0.00029789
18250	0.000305279
18300	0.000299222
18350	0.000299687
18400	0.000300249
18450	0.000303781
18500	0.000303682
18550	0.000304167
18600	0.000305247
18650	0.000705716
18700	0.000306819
18750	0.000306037
18800	0.000308277
18850	0.000308905
18900	0.000309635
18950	0.000313541
19000	0.000313286
19050	0.000314395
19100	0.000315372
19150	0.000316736
19200	0.000316259
19250	0.000322528
19300	0.000317655
19350	0.000317922
19400	0.000318507
19450	0.000322146
19500	0.000321802
19550	0.000323202
19600	0.000333613
19650	0.000325191
19700	0.000324617
19750	0.000325072
19800	0.000325702
19850	0.000326412
19900	0.000327336
19950	0.000327604
20000	0.000329515
20050	0.000335007
20100	0.000331515
20150	0.000332298
20200	0.000338614
20250	0.000334787
20300	0.000335267
20350	0.000334597
20400	0.000335373
20450	0.00033581
20500	0.000337997
20550	0.000340686
20600	0.000339291
20650	0.000340457
20700	0.00034087
20750	0.000344204
20800	0.000341723
20850	0.000342438
20900	0.000349682
20950	0.000343569
21000	0.000346493
21050	0.000346727
21100	0.000347495
21150	0.000348246
21200	0.00034817
21250	0.000348942
21300	0.000350308
21350	0.000352476
21400	0.000352629
21450	0.000352136
21500	0.000354534
21550	0.000355502
21600	0.000356281
21650	0.000356729
21700	0.000362775
21750	0.000358251
21800	0.000358441
21850	0.000361916
21900	0.000359723
21950	0.000361878
22000	0.000363102
22050	0.000362702
22100	0.000365761
22150	0.000366047
22200	0.000367115
22250	0.000374625
22300	0.00036846
22350	0.000368977
22400	0.00036989
22450	0.000373793
22500	0.000372337
22550	0.000372395
22600	0.000373288
22650	0.000373699
22700	0.000374116
22750	0.000374883
22800	0.000375575
22850	0.000379505
22900	0.000376751
22950	0.000382199
23000	0.000380493
23050	0.00038195
23100	0.000382245
23150	0.000387908
23200	0.000385271
23250	0.00038317
23300	0.000383763
23350	0.000384766
23400	0.000394726
23450	0.000385125
23500	0.000387101
23550	0.000394909
23600	0.000394075
23650	0.000391549
23700	0.000392164
23750	0.000391155
23800	0.000392417
23850	0.000391922
23900	0.000393415
23950	0.000393919
24000	0.000396253
24050	0.000396988
24100	0.00040464
24150	0.00039837
24200	0.000398975
24250	0.000399825
24300	0.000411293
24350	0.000400469
24400	0.000407651
24450	0.000401551
24500	0.0004028
24550	0.000404579
24600	0.000405272
24650	0.000405794
24700	0.000412014
24750	0.000413316
24800	0.00040782
24850	0.000408264
24900	0.000408394
24950	0.00040892
25000	0.000411433
25050	0.000414568
25100	0.000413051
25150	0.000421061
25200	0.000415223
25250	0.0004154
25300	0.000415901
25350	0.000429894
25400	0.000417125
25450	0.000417506
25500	0.000419484
25550	0.000421109
25600	0.000421564
25650	0.000423737
25700	0.000428627
25750	0.000424829
25800	0.000425362
25850	0.000424604
25900	0.000425386
25950	0.00042573
26000	0.000428167
26050	0.000430175
26100	0.000436767
26150	0.000432619
26200	0.000431041
26250	0.000438486
26300	0.000438643
26350	0.000432663
26400	0.000433255
26450	0.000433421
26500	0.000435349
26550	0.000437264
26600	0.000439482
26650	0.000444003
26700	0.000442126
26750	0.000440145
26800	0.000440562
26850	0.000440977
26900	0.000441606
26950	0.000444857
27000	0.000445148
27050	0.000454082
27100	0.000447534
27150	0.00044826
27200	0.000455699
27250	0.000449757
27300	0.000449913
27350	0.000450159
27400	0.000454633
27450	0.000451006
27500	0.000452765
27550	0.000455781
27600	0.000456344
27650	0.000454509
27700	0.000455716
27750	0.000456301
27800	0.000456887
27850	0.000457397
27900	0.000462592
27950	0.000462963
28000	0.000462464
28050	0.000461884
28100	0.000462536
28150	0.000463065
28200	0.000466718
28250	0.00046455
28300	0.000464511
28350	0.00046526
28400	0.000465962
28450	0.000467019
28500	0.00046916
28550	0.000469812
28600	0.000471006
28650	0.000470964
28700	0.000477363
28750	0.000472729
28800	0.000479003
28850	0.00047368
28900	0.000473954
28950	0.000474506
29000	0.000478491
29050	0.000477426
29100	0.000478584
29150	0.000479708
29200	0.00048025
29250	0.000480571
29300	0.000481548
29350	0.000481572
29400	0.000483638
29450	0.000486229
29500	0.000485431
29550	0.000488194
29600	0.000487127
29650	0.00048788
29700	0.00049429
29750	0.000491481
29800	0.000489569
29850	0.000498019
29900	0.000491041
29950	0.000491066
30000	0.000493221
30050	0.000493769
30100	0.000495471
30150	0.000497262
30200	0.000496802
30250	0.000501987
30300	0.000499087
30350	0.000500661
30400	0.000499184
30450	0.000499402
30500	0.000502684
30550	0.000509095
30600	0.000502716
30650	0.000503304
30700	0.000514377
30750	0.000504894
30800	0.000506895
30850	0.000506988
30900	0.000506983
30950	0.000507303
31000	0.000509903
31050	0.000510722
31100	0.00051134
31150	0.000511239
31200	0.000511955
31250	0.000517701
31300	0.000515112
31350	0.000522946
31400	0.000515958
31450	0.000515867
31500	0.000519002
31550	0.000518438
31600	0.000520803
31650	0.00052221
31700	0.000521827
31750	0.000522018
31800	0.000522182
31850	0.00052808
31900	0.000522834
31950	0.000524076
32000	0.000528298
32050	0.000527255
32100	0.000526992
32150	0.00053081
32200	0.000529637
32250	0.000529674
32300	0.000540373
32350	0.000530737
32400	0.000538032
32450	0.000532248
32500	0.000535137
32550	0.000562163
32600	0.000541787
32650	0.000543536
32700	0.000539893
32750	0.000539245
32800	0.000538352
32850	0.000539737
32900	0.000549615
32950	0.0005452
33000	0.00054396
33050	0.000546267
33100	0.000547951
33150	0.000544924
33200	0.000547515
33250	0.000546093
33300	0.000547364
33350	0.000550212
33400	0.000548043
33450	0.000548502
33500	0.000552606
33550	0.000555653
33600	0.000552881
33650	0.000553111
33700	0.000554054
33750	0.000563097
33800	0.000561895
33850	0.000555962
33900	0.000556071
33950	0.00056387
34000	0.000558678
34050	0.000560999
34100	0.000562579
34150	0.000571068
34200	0.000562084
34250	0.000562676
34300	0.000569782
34350	0.000564247
34400	0.000569261
34450	0.000571908
34500	0.000568468
34550	0.000571179
34600	0.000567857
34650	0.000568547
34700	0.000570343
34750	0.000570222
34800	0.000572579
34850	0.000572752
34900	0.000571199
34950	0.00057271
35000	0.000576938
35050	0.000576014
35100	0.000577133
35150	0.000577209
35200	0.000587956
35250	0.00057885
35300	0.000581581
35350	0.000579956
35400	0.000587943
35450	0.000582586
35500	0.000582545
35550	0.00059772
35600	0.00058546
35650	0.000585783
35700	0.000586533
35750	0.000587475
35800	0.000589673
35850	0.000592622
35900	0.000589
35950	0.000593462
36000	0.000592752
36050	0.000592432
36100	0.000597666
36150	0.000593872
36200	0.000597747
36250	0.000595072
36300	0.000595424
36350	0.00059691
36400	0.000608304
36450	0.000602247
36500	0.000600842
36550	0.000607324
36600	0.000601668
36650	0.000603128
36700	0.000611776
36750	0.000603689
36800	0.000603772
36850	0.000607242
36900	0.00060548
36950	0.000605438
37000	0.000608998
37050	0.000609306
37100	0.000614452
37150	0.000611946
37200	0.000614439
37250	0.000612004
37300	0.00140429
37350	0.000615173
37400	0.000609819
37450	0.000611683
37500	0.000614811
37550	0.000614943
37600	0.000618538
37650	0.000622194
37700	0.000616447
37750	0.000617952
37800	0.000618313
37850	0.000618724
37900	0.000624979
37950	0.000619182
38000	0.000622602
38050	0.000625536
38100	0.000623602
38150	0.000623613
38200	0.000625095
38250	0.000633491
38300	0.000625322
38350	0.000625761
38400	0.000627394
38450	0.000632778
38500	0.000631384
38550	0.000630058
38600	0.000630851
38650	0.000637906
38700	0.000633717
38750	0.00063371
38800	0.000633627
38850	0.000634525
38900	0.000635693
38950	0.000636358
39000	0.000639062
39050	0.000644933
39100	0.000639843
39150	0.000644079
39200	0.000642722
39250	0.000642066
39300	0.000644962
39350	0.000649498
39400	0.000643697
39450	0.000646997
39500	0.00064698
39550	0.000648471
39600	0.000656047
39650	0.000648319
39700	0.000649867
39750	0.000650034
39800	0.000650721
39850	0.00065651
39900	0.000651853
39950	0.000655117
40000	0.000656174
40050	0.000656069
40100	0.000657876
40150	0.000656887
40200	0.000657285
40250	0.000657871
40300	0.000661642
40350	0.000676483
40400	0.00066194
40450	0.000663003
40500	0.000663928
40550	0.000672685
40600	0.000663795
40650	0.000664201
40700	0.000674878
40750	0.000666203
40800	0.000667097
40850	0.000669749
40900	0.00067014
40950	0.000673744
41000	0.000673195
41050	0.000676644
41100	0.000675898
41150	0.000679631
41200	0.000673556
41250	0.00068104
41300	0.000680679
41350	0.000686377
41400	0.000676146
41450	0.000676562
41500	0.000679763
41550	0.00068217
41600	0.000686415
41650	0.000681967
41700	0.000684632
41750	0.000685624
41800	0.00068592
41850	0.000691134
41900	0.000684151
41950	0.000684751
42000	0.000688276
42050	0.000691815
42100	0.0006929
42150	0.000689417
42200	0.000688116
42250	0.000695673
42300	0.00069557
42350	0.00069209
42400	0.000695371
42450	0.000696608
42500	0.000696657
42550	0.00069634
42600	0.000699789
42650	0.000696297
42700	0.000698239
42750	0.000700773
42800	0.000703935
42850	0.000699572
42900	0.000701377
42950	0.000702351
43000	0.000704793
43050	0.000704228
43100	0.000704943
43150	0.000705832
43200	0.000706599
43250	0.000706594
43300	0.000707281
43350	0.000708891
43400	0.00071014
43450	0.000717731
43500	0.000712666
43550	0.000712436
43600	0.000722762
43650	0.000716189
43700	0.00071696
43750	0.000716252
43800	0.000718476
43850	0.000720723
43900	0.000718713
43950	0.000720639
44000	0.000721282
44050	0.000730449
44100	0.000727393
44150	0.000721845
44200	0.000725407
44250	0.000730081
44300	0.000725035
44350	0.00072341
44400	0.00072485
44450	0.000728636
44500	0.000729232
44550	0.000729106
44600	0.000735835
44650	0.000737836
44700	0.000734493
44750	0.000742383
44800	0.000733868
44850	0.000736005
44900	0.000740797
44950	0.000736058
45000	0.000737282
45050	0.00073792
45100	0.000740512
45150	0.000745183
45200	0.000740791
45250	0.000749958
45300	0.000742953
45350	0.000741716
45400	0.000748143
45450	0.000740906
45500	0.000745152
45550	0.000756191
45600	0.000748082
45650	0.00075004
45700	0.000749488
45750	0.000753566
45800	0.000754979
45850	0.000752511
45900	0.000750742
45950	0.000753868
46000	0.000753461
46050	0.000754456
46100	0.000754572
46150	0.000764296
46200	0.000756172
46250	0.000755062
46300	0.000757688
46350	0.00077038
46400	0.000758444
46450	0.000761887
46500	0.000764273
46550	0.000760818
46600	0.000766668
46650	0.000765532
46700	0.000768533
46750	0.00077351
46800	0.000768459
46850	0.000765212
46900	0.000773584
46950	0.000772842
47000	0.000770899
47050	0.000771708
47100	0.000771475
47150	0.000773871
47200	0.000771795
47250	0.00077332
47300	0.000779336
47350	0.000777001
47400	0.000773844
47450	0.000781952
47500	0.000779292
47550	0.000779544
47600	0.000779476
47650	0.000780147
47700	0.00078066
47750	0.000780258
47800	0.000784674
47850	0.00078226
47900	0.000790963
47950	0.000789395
48000	0.000787364
48050	0.000786758
48100	0.000787614
48150	0.000790979
48200	0.000788577
48250	0.00078849
48300	0.000789818
48350	0.000790276
48400	0.000791316
48450	0.000807152
48500	0.000795477
48550	0.000795191
48600	0.000795039
48650	0.000795471
48700	0.000797199
48750	0.000799452
48800	0.000800482
48850	0.000801055
48900	0.000801122
48950	0.000807991
49000	0.000806497
49050	0.000812248
49100	0.000803831
49150	0.000803626
49200	0.000804169
49250	0.000807689
49300	0.000805479
49350	0.00080569
49400	0.000807808
49450	0.00081891
49500	0.000811381
49550	0.000816872
49600	0.000811646
49650	0.000811924
49700	0.000812494
49750	0.000816652
49800	0.000813598
49850	0.000817293
49900	0.000816075
49950	0.000821754
50000	0.00081902
50050	0.00081914
50100	0.000829379
50150	0.000832774
50200	0.000821011
50250	0.00082111
50300	0.000822178
50350	0.000826093
50400	0.000829756
50450	0.000823157
50500	0.000833967
50550	0.000826436
50600	0.000836267
50650	0.000828302
50700	0.000828737
50750	0.000829485
50800	0.000834537
50850	0.000841804
50900	0.000832618
50950	0.000833452
51000	0.000835221
51050	0.000844052
51100	0.00084233
51150	0.000836369
51200	0.000836841
51250	0.000845706
51300	0.000838016
51350	0.000838543
51400	0.000841891
51450	0.000839853
51500	0.000843608
51550	0.000842659
51600	0.000850492
51650	0.000844387
51700	0.000851998
51750	0.000845518
51800	0.000846472
51850	0.000846826
51900	0.000847201
51950	0.000847945
52000	0.00085081
52050	0.000856878
52100	0.000852019
52150	0.000859318
52200	0.00085562
52250	0.000853748
52300	0.00085395
52350	0.000854729
52400	0.000855564
52450	0.000855985
52500	0.000860297
52550	0.000868735
52600	0.000866785
52650	0.00086162
52700	0.000860315
52750	0.000862179
52800	0.000862656
52850	0.000863002
52900	0.000862919
52950	0.000864148
53000	0.000869411
53050	0.000867305
53100	0.000868148
53150	0.000869805
53200	0.000870824
53250	0.000870066
53300	0.000870797
53350	0.000870221
53400	0.000871947
53450	0.000873418
53500	0.000877519
53550	0.000878289
53600	0.000883013
53650	0.000880128
53700	0.000877332
53750	0.000884072
53800	0.000878695
53850	0.000879336
53900	0.00088119
53950	0.000885862
54000	0.000884604
54050	0.000885479
54100	0.000884547
54150	0.000885063
54200	0.000885394
54250	0.0008864
54300	0.000887221
54350	0.000889277
54400	0.000893807
54450	0.000888498
54500	0.000892621
54550	0.000891166
54600	0.00089535
54650	0.00089293
54700	0.000893785
54750	0.000894305
54800	0.000900838
54850	0.000898288
54900	0.000896218
54950	0.000896336
55000	0.000901224
55050	0.000899678
55100	0.000900949
55150	0.000901134
55200	0.000901675
55250	0.000911489
55300	0.000905777
55350	0.000906861
55400	0.000907323
55450	0.000907871
55500	0.000911654
55550	0.000906764
55600	0.000911644
55650	0.000914066
55700	0.000912471
55750	0.000910559
55800	0.000916027
55850	0.00092232
55900	0.000912026
55950	0.000917395
56000	0.000916787
56050	0.000921012
56100	0.000922499
56150	0.000916666
56200	0.00091828
56250	0.000930856
56300	0.000919474
56350	0.000922942
56400	0.000929986
56450	0.00092114
56500	0.000924853
56550	0.000924354
56600	0.000931962
56650	0.000929913
56700	0.000926737
56750	0.000931011
56800	0.000930427
56850	0.00092984
56900	0.000936656
56950	0.00093517
57000	0.00093251
57050	0.000945013
57100	0.000936325
57150	0.000936545
57200	0.000937127
57250	0.000937831
57300	0.00095008
57350	0.000936421
57400	0.000936923
57450	0.000939261
57500	0.000941051
57550	0.000943232
57600	0.000945534
57650	0.000954071
57700	0.000952437
57750	0.000947704
57800	0.000948003
57850	0.000947043
57900	0.000948054
57950	0.000948536
58000	0.00095026
58050	0.000955405
58100	0.000956397
58150	0.000952618
58200	0.000950812
58250	0.00095213
58300	0.000954786
58350	0.000952348
58400	0.000952278
58450	0.000954109
58500	0.00095929
58550	0.000956468
58600	0.000958069
58650	0.000958194
58700	0.000962762
58750	0.00096041
58800	0.000969927
58850	0.000965492
58900	0.000967068
58950	0.000962243
59000	0.000965861
59050	0.000965085
59100	0.000965781
59150	0.000974469
59200	0.000968702
59250	0.000973427
59300	0.000969684
59350	0.000967976
59400	0.000972498
59450	0.000973459
59500	0.00097674
59550	0.000977658
59600	0.000982205
59650	0.000981186
59700	0.000976132
59750	0.00097965
59800	0.000982415
59850	0.000977787
59900	0.00098131
59950	0.000984051
60000	0.000983907
60050	0.000982752
60100	0.00098603
60150	0.000989033
60200	0.000985462
60250	0.000986424
60300	0.000988098
60350	0.000995661
60400	0.000993904
60450	0.000990283
60500	0.000990646
60550	0.000993844
60600	0.000992407
60650	0.00099442
60700	0.000999303
60750	0.000999913
60800	0.000993691
60850	0.000994516
60900	0.00100169
60950	0.000995796
61000	0.000999094
61050	0.00100448
61100	0.00100882
61150	0.000998671
61200	0.00100889
61250	0.00100057
61300	0.00100215
61350	0.00100226
61400	0.00100308
61450	0.00100662
61500	0.00100976
61550	0.00100897
61600	0.00101084
61650	0.00101401
61700	0.00101091
61750	0.00100969
61800	0.00101578
61850	0.00101529
61900	0.00101218
61950	0.00101713
62000	0.00101717
62050	0.00101545
62100	0.00101879
62150	0.00102467
62200	0.00101721
62250	0.00101779
62300	0.00102378
62350	0.00101878
62400	0.00102533
62450	0.00102392
62500	0.00102517
62550	0.00102263
62600	0.001027
62650	0.00102442
62700	0.00102699
62750	0.0010287
62800	0.00103307
62850	0.00104028
62900	0.00102896
62950	0.0010282
63000	0.00103082
63050	0.00103386
63100	0.00104013
63150	0.00104215
63200	0.00104024
63250	0.00103347
63300	0.00103462
63350	0.00103631
63400	0.00103748
63450	0.00103634
63500	0.00104209
63550	0.00104277
63600	0.00103952
63650	0.00104136
63700	0.0010412
63750	0.00104189
63800	0.00104307
63850	0.00104696
63900	0.00104936
63950	0.00104673
64000	0.00105001
64050	0.00105148
64100	0.00105147
64150	0.00107667
64200	0.00105803
64250	0.00105033
64300	0.0010561
64350	0.0010562
64400	0.00106158
64450	0.00105361
64500	0.00105828
64550	0.00105595
64600	0.00106281
64650	0.0010665
64700	0.00106047
64750	0.00106425
64800	0.00106557
64850	0.00106887
64900	0.00105958
64950	0.00106333
65000	0.00106425
65050	0.00106666
65100	0.00107104
65150	0.00107354
65200	0.00106508
65250	0.00106856
65300	0.00106698
65350	0.00106648
65400	0.00106781
65450	0.00107126
65500	0.0010737
65550	0.00107121
65600	0.00107121
65650	0.0010731
65700	0.00107417
65750	0.00107362
65800	0.00108003
65850	0.00107773
65900	0.00108141
65950	0.00108075
66000	0.00107938
66050	0.00108222
66100	0.00109153
66150	0.00108179
66200	0.00108394
66250	0.00108618
66300	0.00108367
66350	0.00108435
66400	0.00109326
66450	0.00108386
66500	0.00108828
66550	0.00108737
66600	0.00109241
66650	0.00109174
66700	0.00109455
66750	0.00109671
66800	0.00109014
66850	0.00108994
66900	0.00109146
66950	0.0010904
67000	0.00109747
67050	0.00109511
67100	0.00109874
67150	0.00109633
67200	0.0010995
67250	0.00109706
67300	0.00110492
67350	0.00110446
67400	0.00110823
67450	0.00110035
67500	0.00110434
67550	0.00111119
67600	0.00110701
67650	0.00111124
67700	0.00110708
67750	0.00110899
67800	0.00110898
67850	0.00110864
67900	0.00111135
67950	0.00111655
68000	0.00111208
68050	0.00111533
68100	0.00111386
68150	0.00111661
68200	0.00112462
68250	0.00111425
68300	0.00112191
68350	0.00111528
68400	0.00111615
68450	0.00112358
68500	0.00112044
68550	0.00111914
68600	0.00111971
68650	0.00112837
68700	0.00112726
68750	0.00112532
68800	0.00112544
68850	0.00112935
68900	0.0011326
68950	0.00112624
69000	0.00113016
69050	0.00112973
69100	0.00113135
69150	0.00113535
69200	0.00113458
69250	0.00113443
69300	0.00113105
69350	0.00113719
69400	0.00113559
69450	0.00114069
69500	0.00113739
69550	0.00113475
69600	0.00114302
69650	0.00113715
69700	0.00114466
69750	0.00114577
69800	0.00114638
69850	0.00114037
69900	0.00114185
69950	0.00114229
70000	0.00114802
70050	0.00114375
70100	0.00115005
70150	0.00114567
70200	0.00114722
70250	0.00114943
70300	0.00115027
70350	0.00115499
70400	0.00115181
70450	0.00115402
70500	0.0011555
70550	0.00115972
70600	0.00115716
70650	0.00115728
70700	0.00115779
70750	0.001157
70800	0.00116294
70850	0.00117052
70900	0.00116895
70950	0.00115749
71000	0.00116163
71050	0.00116768
71100	0.00117055
71150	0.00116787
71200	0.0011621
71250	0.00116599
71300	0.00116801
71350	0.00116419
71400	0.00116811
71450	0.00116885
71500	0.00117158
71550	0.00116891
71600	0.00116965
71650	0.00117303
71700	0.00117951
71750	0.00117451
71800	0.00117598
71850	0.00117789
71900	0.00118077
71950	0.00117792
72000	0.00117841
72050	0.00118556
72100	0.00118438
72150	0.0011881
72200	0.00119102
72250	0.00118951
72300	0.00118407
72350	0.00118799
72400	0.00118428
72450	0.00118211
72500	0.00118769
72550	0.00118528
72600	0.00118928
72650	0.00118695
72700	0.00118663
72750	0.0011907
72800	0.00119147
72850	0.00119354
72900	0.00119237
72950	0.00119864
73000	0.00119405
73050	0.00119906
73100	0.00120383
73150	0.00119844
73200	0.00119548
73250	0.0012046
73300	0.00119992
73350	0.00120286
73400	0.00120457
73450	0.00119855
73500	0.00120269
73550	0.00120813
73600	0.00120342
73650	0.00120337
73700	0.00120646
73750	0.00120851
73800	0.00120943
73850	0.00120969
73900	0.00122021
73950	0.00123798
74000	0.00121702
74050	0.00122664
74100	0.00121903
74150	0.00121559
74200	0.00121382
74250	0.00121569
74300	0.00122182
74350	0.00121656
74400	0.00122421
74450	0.00122226
74500	0.00137381
74550	0.00123828
74600	0.001226
74650	0.00123201
74700	0.00122757
74750	0.00122767
74800	0.0012346
74850	0.00122707
74900	0.00123943
74950	0.00122912
75000	0.00123459
75050	0.0012361
75100	0.00124008
75150	0.00123859
75200	0.00123801
75250	0.00123794
75300	0.00124486
75350	0.0012437
75400	0.00124491
75450	0.00123826
75500	0.00124247
75550	0.00125535
75600	0.00124204
75650	0.00124222
75700	0.00125074
75750	0.00124456
75800	0.00124524
75850	0.00124554
75900	0.00124921
75950	0.00125366
76000	0.00125085
76050	0.00125917
76100	0.00126519
76150	0.00125124
76200	0.00125699
76250	0.00125378
76300	0.00125712
76350	0.00125537
76400	0.00126893
76450	0.00125852
76500	0.00125864
76550	0.00127108
76600	0.00125868
76650	0.00126583
76700	0.00126029
76750	0.00126103
76800	0.00126191
76850	0.00126337
76900	0.00126731
76950	0.00126908
77000	0.00126828
77050	0.0012686
77100	0.00127319
77150	0.00127009
77200	0.00127127
77250	0.00126858
77300	0.00127389
77350	0.00128668
77400	0.00127807
77450	0.00127032
77500	0.00127652
77550	0.00127447
77600	0.00127511
77650	0.00127457
77700	0.0012762
77750	0.00128034
77800	0.00127785
77850	0.00127842
77900	0.00128791
77950	0.00127893
78000	0.00128323
78050	0.00129114
78100	0.00128339
78150	0.00128748
78200	0.00128628
78250	0.00129781
78300	0.00130322
78350	0.00129124
78400	0.0012938
78450	0.00128999
78500	0.00129461
78550	0.00129591
78600	0.00129136
78650	0.00129425
78700	0.00129229
78750	0.00129385
78800	0.00129809
78850	0.00129947
78900	0.00129668
78950	0.00130201
79000	0.00130119
79050	0.00130146
79100	0.00130281
79150	0.001306
79200	0.00131082
79250	0.00131367
79300	0.00130196
79350	0.00130407
79400	0.00130279
79450	0.00130524
79500	0.00130859
79550	0.00130605
79600	0.00130712
79650	0.00131367
79700	0.00131285
79750	0.00131402
79800	0.00131095
79850	0.00132065
79900	0.00131479
79950	0.00131525
80000	0.00132019
80050	0.0013184
80100	0.00132549
80150	0.00132995
80200	0.00131744
80250	0.00131979
80300	0.0013223
80350	0.00132144
80400	0.00132056
80450	0.00132041
80500	0.00132604
80550	0.0013242
80600	0.00132998
80650	0.00133673
80700	0.00132566
80750	0.00132927
80800	0.0013329
80850	0.00132943
80900	0.0013378
80950	0.00133555
81000	0.00133241
81050	0.00134666
81100	0.0013328
81150	0.00133292
81200	0.00133962
81250	0.00134088
81300	0.00134011
81350	0.00135011
81400	0.00134418
81450	0.00133595
81500	0.00134442
81550	0.00134593
81600	0.00134221
81650	0.00135048
81700	0.00134452
81750	0.00134748
81800	0.00135587
81850	0.00134332
81900	0.0013497
81950	0.00134441
82000	0.00135238
82050	0.00135394
82100	0.00135024
82150	0.00136146
82200	0.00135548
82250	0.00135584
82300	0.00135642
82350	0.00135425
82400	0.00135754
82450	0.00135664
82500	0.00135832
82550	0.00136242
82600	0.00135885
82650	0.00137175
82700	0.00136264
82750	0.00136304
82800	0.00136975
82850	0.00137271
82900	0.00136786
82950	0.00136583
83000	0.00136643
83050	0.00136348
83100	0.00137184
83150	0.00136884
83200	0.00136881
83250	0.00136953
83300	0.00136979
83350	0.00138443
83400	0.00137358
83450	0.00136799
83500	0.00137432
83550	0.0013724
83600	0.00138281
83650	0.00137336
83700	0.00137339
83750	0.00137695
83800	0.00138131
83850	0.00137919
83900	0.0013799
83950	0.00138319
84000	0.00138158
84050	0.00138299
84100	0.00138372
84150	0.00139143
84200	0.00138918
84250	0.00139209
84300	0.00138632
84350	0.00138379
84400	0.0013838
84450	0.00138419
84500	0.00139203
84550	0.00139236
84600	0.00142073
84650	0.00139831
84700	0.00139299
84750	0.00139749
84800	0.00139599
84850	0.0014082
84900	0.00140367
84950	0.00139333
85000	0.00140016
85050	0.00140088
85100	0.00140051
85150	0.00139772
85200	0.00139866
85250	0.00140003
85300	0.00140569
85350	0.0014025
85400	0.00140387
85450	0.00140394
85500	0.00140638
85550	0.00140781
85600	0.00141459
85650	0.00142214
85700	0.00141131
85750	0.00140655
85800	0.00140805
85850	0.00140739
85900	0.00140824
85950	0.00141257
86000	0.00141489
86050	0.00141445
86100	0.00142366
86150	0.00141416
86200	0.00141808
86250	0.0014241
86300	0.00141915
86350	0.00143135
86400	0.00141554
86450	0.00142184
86500	0.00142376
86550	0.00142062
86600	0.00142314
86650	0.00143289
86700	0.00142559
86750	0.00142824
86800	0.00142804
86850	0.00142745
86900	0.00143489
86950	0.00142888
87000	0.00143125
87050	0.00143124
87100	0.00144811
87150	0.00143091
87200	0.00143162
87250	0.00143172
87300	0.0014331
87350	0.0014331
87400	0.00143639
87450	0.00143952
87500	0.00143883
87550	0.00144808
87600	0.00144025
87650	0.0014416
87700	0.00144241
87750	0.00145931
87800	0.00144069
87850	0.00144031
87900	0.0014402
87950	0.00144185
88000	0.00144774
88050	0.00144906
88100	0.00145143
88150	0.00146202
88200	0.00145759
88250	0.00145886
88300	0.00145161
88350	0.00145324
88400	0.00146916
88450	0.00144872
88500	0.00145774
88550	0.00145684
88600	0.00145475
88650	0.001456
88700	0.00145575
88750	0.00146302
88800	0.00146381
88850	0.00146124
88900	0.00146248
88950	0.00146056
89000	0.00146415
89050	0.00146451
89100	0.00147648
89150	0.00147074
89200	0.00146473
89250	0.00146543
89300	0.00146825
89350	0.00147318
89400	0.00146623
89450	0.0014779
89500	0.0014747
89550	0.00147737
89600	0.00147494
89650	0.00147242
89700	0.00148117
89750	0.00149028
89800	0.00147671
89850	0.00147458
89900	0.00147934
89950	0.0014828
90000	0.00148357
90050	0.00148058
90100	0.00148329
90150	0.00148651
90200	0.00148441
90250	0.00148428
90300	0.00148808
90350	0.00149314
90400	0.00149678
90450	0.00148391
90500	0.00148937
90550	0.00149749
90600	0.0014884
90650	0.00148892
90700	0.00148918
90750	0.00149485
90800	0.00149486
90850	0.00149366
90900	0.00149155
90950	0.00149831
91000	0.00149995
91050	0.00151148
91100	0.00149881
91150	0.0015037
91200	0.00149776
91250	0.00149994
91300	0.00150048
91350	0.00150191
91400	0.00150845
91450	0.00150256
91500	0.00151078
91550	0.00150929
91600	0.00150954
91650	0.00151403
91700	0.00153274
91750	0.00151099
91800	0.00150646
91850	0.00150989
91900	0.00150694
91950	0.00151058
92000	0.00151777
92050	0.00152573
92100	0.0015128
92150	0.00151916
92200	0.00151842
92250	0.00154303
92300	0.0015245
92350	0.00151753
92400	0.00151806
92450	0.00151639
92500	0.0015228
92550	0.00152011
92600	0.00151928
92650	0.00153307
92700	0.00152348
92750	0.00152613
92800	0.00153268
92850	0.00153491
92900	0.00153123
92950	0.00152813
93000	0.00152981
93050	0.00152795
93100	0.00153011
93150	0.00153308
93200	0.00153075
93250	0.00154079
93300	0.00153138
93350	0.00154004
93400	0.00153229
93450	0.00155453
93500	0.00153904
93550	0.00153631
93600	0.00153735
93650	0.0015385
93700	0.00153873
93750	0.00154207
93800	0.00154201
93850	0.0015529
93900	0.00154287
93950	0.0015415
94000	0.00154797
94050	0.00156089
94100	0.00155563
94150	0.00154586
94200	0.00154482
94250	0.0015466
94300	0.00154765
94350	0.00154816
94400	0.00156338
94450	0.0015506
94500	0.00155509
94550	0.00155656
94600	0.00155639
94650	0.0015726
94700	0.00155539
94750	0.00156039
94800	0.00155427
94850	0.00155953
94900	0.00155642
94950	0.00156493
95000	0.00156309
95050	0.0015618
95100	0.001565
95150	0.00156343
95200	0.00157838
95250	0.00157012
95300	0.00156435
95350	0.00156495
95400	0.00156537
95450	0.00157536
95500	0.00157098
95550	0.00156689
95600	0.00158092
95650	0.00157438
95700	0.00157252
95750	0.00157817
95800	0.00159293
95850	0.00157822
95900	0.00158278
95950	0.00158477
96000	0.00158202
96050	0.00157691
96100	0.00158365
96150	0.0015847
96200	0.00158243
96250	0.00158299
96300	0.0015878
96350	0.00160175
96400	0.0015817
96450	0.00158502
96500	0.00158799
96550	0.00158819
96600	0.00158626
96650	0.00158969
96700	0.00159355
96750	0.00159119
96800	0.00159134
96850	0.00159235
96900	0.00161115
96950	0.00158936
97000	0.00159814
97050	0.00159759
97100	0.00160352
97150	0.00159783
97200	0.00160197
97250	0.00160233
97300	0.00159929
97350	0.00160119
97400	0.00160705
97450	0.00161518
97500	0.00160753
97550	0.00160514
97600	0.00160476
97650	0.00160566
97700	0.00160642
97750	0.00161659
97800	0.0016115
97850	0.00160635
97900	0.00161118
97950	0.00162368
98000	0.00161417
98050	0.00160918
98100	0.00160972
98150	0.00161924
98200	0.00162066
98250	0.00161947
98300	0.00162565
98350	0.00162241
98400	0.00161691
98450	0.00161725
98500	0.00162249
98550	0.00162755
98600	0.00162155
98650	0.00162047
98700	0.00161967
98750	0.00162249
98800	0.00162228
98850	0.00162883
98900	0.00162333
98950	0.0016352
99000	0.00163275
99050	0.00164393
99100	0.00163896
99150	0.00163042
99200	0.00163435
99250	0.00163121
99300	0.00163212
99350	0.00163825
99400	0.00163609
99450	0.00164021
99500	0.00164076
99550	0.00165289
99600	0.00164733
99650	0.00164532
99700	0.00163678
99750	0.00164263
99800	0.00163666
99850	0.00164664
99900	0.00164363
99950	0.0016489
100000	0.00164559
100050	0.00165395
100100	0.0016551
100150	0.00164337
100200	0.00164498
100250	0.00164475
100300	0.001646
100350	0.00164611
100400	0.00165984
100450	0.00164989
100500	0.00165297
100550	0.00165313
100600	0.00166562
100650	0.00165825
100700	0.00165574
100750	0.00165357
100800	0.00165625
100850	0.00165455
100900	0.00166781
100950	0.00165891
101000	0.00166605
101050	0.00165885
101100	0.00168795
101150	0.0016599
101200	0.00166437
101250	0.00166351
101300	0.0016644
101350	0.00167246
101400	0.00167586
101450	0.00166606
101500	0.00167036
101550	0.00166754
101600	0.00168986
101650	0.00166793
101700	0.001669
101750	0.00166843
101800	0.0016781
101850	0.00167031
101900	0.00167788
101950	0.00167676
102000	0.00167772
102050	0.00167523
102100	0.00169788
102150	0.00167653
102200	0.00167721
102250	0.00168899
102300	0.00167849
102350	0.00167924
102400	0.00168528
102450	0.00168294
102500	0.00168594
102550	0.00168477
102600	0.00170495
102650	0.00168399
102700	0.00169259
102750	0.00168553
102800	0.0016937
102850	0.00168631
102900	0.00169253
102950	0.00169239
103000	0.00169289
103050	0.00170549
103100	0.00169947
103150	0.00169794
103200	0.00169348
103250	0.00169388
103300	0.00169384
103350	0.00169529
103400	0.00170567
103450	0.00169667
103500	0.00170174
103550	0.00171931
103600	0.00171145
103650	0.00169952
103700	0.00170019
103750	0.00170493
103800	0.0017018
103850	0.00170993
103900	0.00170573
103950	0.00170691
104000	0.00171313
104050	0.00173929
104100	0.00171073
104150	0.00171187
104200	0.00171255
104250	0.0017137
104300	0.00171205
104350	0.00172486
104400	0.00171359
104450	0.00171917
104500	0.00172096
104550	0.00172452
104600	0.00171821
104650	0.00171933
104700	0.00171884
104750	0.00171834
104800	0.00172744
104850	0.0017226
104900	0.00172486
104950	0.00173134
105000	0.00172898
105050	0.00172817
105100	0.00173119
105150	0.00173262
105200	0.00173163
105250	0.00174082
105300	0.00173459
105350	0.00173966
105400	0.00173592
105450	0.00174537
105500	0.00173787
105550	0.00173006
105600	0.00173918
105650	0.00173422
105700	0.00173921
105750	0.00174203
105800	0.00174854
105850	0.00174153
105900	0.00174993
105950	0.00174824
106000	0.00174388
106050	0.00174068
106100	0.00174253
106150	0.00174127
106200	0.00176114
106250	0.00174642
106300	0.00175391
106350	0.00175771
106400	0.00177147
106450	0.00178144
106500	0.00175571
106550	0.00175002
106600	0.00176062
106650	0.00176063
106700	0.00175455
106750	0.00175562
106800	0.00176196
106850	0.00176877
106900	0.00175382
106950	0.00175322
107000	0.00176081
107050	0.00175758
107100	0.00176611
107150	0.00176284
107200	0.0017619
107250	0.00176725
107300	0.00177446
107350	0.0017614
107400	0.00176838
107450	0.00177784
107500	0.00176981
107550	0.00177417
107600	0.00176871
107650	0.00177094
107700	0.00177572
107750	0.00178112
107800	0.00176908
107850	0.00177577
107900	0.00177004
107950	0.00177121
108000	0.00177826
108050	0.00177612
108100	0.00177808
108150	0.00178489
108200	0.00178605
108250	0.00178217
108300	0.00177656
108350	0.00177675
108400	0.00177623
108450	0.00178208
108500	0.0017857
108550	0.00178302
108600	0.0018022
108650	0.00178975
108700	0.00178357
108750	0.00178539
108800	0.00178522
108850	0.0017863
108900	0.00179508
108950	0.00178772
109000	0.00179401
109050	0.00181851
109100	0.00179256
109150	0.00179404
109200	0.00179292
109250	0.00179345
109300	0.00179704
109350	0.00180209
109400	0.00179774
109450	0.00179675
109500	0.00180268
109550	0.00179939
109600	0.00180171
109650	0.00180285
109700	0.00179877
109750	0.00180666
109800	0.0018051
109850	0.00180448
109900	0.00181563
109950	0.00182213
110000	0.00180937
110050	0.001807
110100	0.00181093
110150	0.00181087
110200	0.00181447
110250	0.00181528
110300	0.00181831
110350	0.00183162
110400	0.00181264
110450	0.00181206
110500	0.00181903
110550	0.0018144
110600	0.00182413
110650	0.00182251
110700	0.00182268
110750	0.00182658
110800	0.00183364
110850	0.00182689
110900	0.0018178
110950	0.00182326
111000	0.00182556
111050	0.00183301
111100	0.00182615
111150	0.00182458
111200	0.00184318
111250	0.00182615
111300	0.00183017
111350	0.00182864
111400	0.001835
111450	0.0018338
111500	0.00183512
111550	0.00183212
111600	0.00186046
111650	0.00183992
111700	0.00184251
111750	0.00184286
111800	0.00183686
111850	0.00185249
111900	0.00184357
111950	0.0018394
112000	0.00184443
112050	0.00184288
112100	0.00184088
112150	0.00184171
112200	0.00184535
112250	0.00185649
112300	0.00184945
112350	0.00184445
112400	0.00184718
112450	0.00186225
112500	0.00185018
112550	0.00185269
112600	0.00186415
112650	0.00185691
112700	0.00186622
112750	0.00185088
112800	0.0018573
112850	0.0018671
112900	0.00185907
112950	0.00185415
113000	0.00186033
113050	0.00185787
113100	0.00186498
113150	0.00186232
113200	0.00186626
113250	0.00187947
113300	0.00186456
113350	0.00186022
113400	0.00187293
113450	0.00186334
113500	0.00187142
113550	0.00187011
113600	0.00187003
113650	0.00188252
113700	0.00186857
113750	0.00187578
113800	0.00187422
113850	0.0018804
113900	0.00188173
113950	0.00188151
114000	0.00188068
114050	0.00189099
114100	0.00188449
114150	0.00188027
114200	0.00187714
114250	0.00187465
114300	0.00188432
114350	0.00188124
114400	0.00188184
114450	0.00187729
114500	0.00188463
114550	0.00188242
114600	0.00188106
114650	0.00188157
114700	0.00188862
114750	0.00188583
114800	0.00189548
114850	0.00188657
114900	0.00190425
114950	0.00188859
115000	0.00189215
115050	0.00191722
115100	0.00190262
115150	0.00189272
115200	0.0018993
115250	0.00191411
115300	0.00189473
115350	0.00189494
115400	0.00189593
115450	0.00189768
115500	0.00190131
115550	0.00190905
115600	0.00189628
115650	0.00191659
115700	0.00190114
115750	0.00190072
115800	0.0018998
115850	0.0018993
115900	0.00190808
115950	0.00190818
116000	0.00190908
116050	0.00190736
116100	0.00190331
116150	0.0019063
116200	0.00190714
116250	0.00190921
116300	0.00191421
116350	0.00191569
116400	0.00191519
116450	0.00192859
116500	0.00191536
116550	0.0019227
116600	0.00191271
116650	0.00192676
116700	0.00191857
116750	0.00191873
116800	0.00192721
116850	0.0019218
116900	0.00191939
116950	0.0019176
117000	0.00192458
117050	0.00192563
117100	0.00192398
117150	0.00192286
117200	0.00194118
117250	0.00192398
117300	0.00192325
117350	0.00192954
117400	0.0019343
117450	0.00193094
117500	0.00193179
117550	0.00194298
117600	0.00193168
117650	0.00193097
117700	0.00193184
117750	0.00194362
117800	0.00194247
117850	0.0019454
117900	0.00194252
117950	0.00193507
118000	0.00194286
118050	0.0019444
118100	0.00193946
118150	0.00194214
118200	0.00194793
118250	0.00194309
118300	0.00194622
118350	0.00196251
118400	0.00194219
118450	0.00194311
118500	0.00194983
118550	0.00195567
118600	0.00194735
118650	0.00194973
118700	0.00196685
118750	0.00195007
118800	0.00196298
118850	0.00195681
118900	0.00195784
118950	0.00196048
119000	0.00195872
119050	0.00197393
119100	0.00196554
119150	0.00195628
119200	0.0019672
119250	0.00196661
119300	0.00199097
119350	0.00196701
119400	0.00196559
119450	0.00196222
119500	0.00196886
119550	0.00196243
119600	0.00196383
119650	0.00196743
119700	0.00197124
119750	0.00196903
119800	0.00196895
119850	0.00199874
119900	0.00198106
119950	0.00197627
120000	0.00197563
120050	0.00198002
120100	0.00197496
120150	0.00199008
120200	0.00198497
120250	0.00197695
120300	0.00197801
120350	0.00197411
120400	0.00197988
120450	0.00198485
120500	0.0019827
120550	0.00199033
120600	0.00198921
120650	0.00199118
120700	0.00198883
120750	0.00199248
120800	0.0019934
120850	0.00199457
120900	0.0019849
120950	0.00200486
121000	0.00199048
121050	0.00198845
121100	0.00199427
121150	0.00200143
121200	0.00199551
121250	0.00199037
121300	0.00200862
121350	0.00199418
121400	0.00199513
121450	0.00199585
121500	0.00199863
121550	0.00199561
121600	0.00200913
121650	0.00200451
121700	0.00200107
121750	0.00199778
121800	0.00200178
121850	0.00201179
121900	0.00200541
121950	0.0020031
122000	0.00200784
122050	0.00200407
122100	0.00200319
122150	0.00201562
122200	0.00201349
122250	0.00200908
122300	0.00201055
122350	0.00201997
122400	0.0020199
122450	0.0020122
122500	0.00201514
122550	0.0020226
122600	0.00201543
122650	0.00201968
122700	0.0020336
122750	0.00201368
122800	0.0020173
122850	0.0020261
122900	0.00201999
122950	0.00202687
123000	0.00202343
123050	0.00202883
123100	0.00202132
123150	0.00202829
123200	0.00202809
123250	0.00202412
123300	0.00202952
123350	0.00202684
123400	0.00202552
123450	0.0020463
123500	0.00203389
123550	0.00203231
123600	0.00203775
123650	0.00203032
123700	0.00203582
123750	0.00204716
123800	0.00204056
123850	0.00204224
123900	0.00203429
123950	0.00203618
124000	0.00204026
124050	0.00204596
124100	0.00205534
124150	0.00204171
124200	0.00203833
124250	0.00204193
124300	0.00204171
124350	0.00204809
124400	0.00204705
124450	0.00204165
124500	0.00205137
124550	0.00205171
124600	0.00205027
124650	0.002054
124700	0.00204836
124750	0.00205595
124800	0.00206944
124850	0.00205542
124900	0.00204948
124950	0.002056
125000	0.0020573
125050	0.0020622
125100	0.00206655
125150	0.00206334
125200	0.0020546
125250	0.00205698
125300	0.00205484
125350	0.00206176
125400	0.00205972
125450	0.00206611
125500	0.00206871
125550	0.00206474
125600	0.00206178
125650	0.00206817
125700	0.00207424
125750	0.00207881
125800	0.0020751
125850	0.0020765
125900	0.00206758
125950	0.00207231
126000	0.00207297
126050	0.00207462
126100	0.00207007
126150	0.00208913
126200	0.00207412
126250	0.00207211
126300	0.0020813
126350	0.00208189
126400	0.0020923
126450	0.00208345
126500	0.00208583
126550	0.00208083
126600	0.00207864
126650	0.00209301
126700	0.0020896
126750	0.00208031
126800	0.00208657
126850	0.00209978
126900	0.00208781
126950	0.00208765
127000	0.00209044
127050	0.00208528
127100	0.0020944
127150	0.00210533
127200	0.00209316
127250	0.00208924
127300	0.00209605
127350	0.00209284
127400	0.0020947
127450	0.00209046
127500	0.00209821
127550	0.00210514
127600	0.00211071
127650	0.00212833
127700	0.00210203
127750	0.00209933
127800	0.00211559
127850	0.00210811
127900	0.00210168
127950	0.00210892
128000	0.00210656
128050	0.00210565
128100	0.0021106
128150	0.00211381
128200	0.00210962
128250	0.00210488
128300	0.00210572
128350	0.00210913
128400	0.00211211
128450	0.00210937
128500	0.00211493
128550	0.00211324
128600	0.00211244
128650	0.00211502
128700	0.00211999
128750	0.00211625
128800	0.00212908
128850	0.00212726
128900	0.00211516
128950	0.00212089
129000	0.00212214
129050	0.00212163
129100	0.00214175
129150	0.00212331
129200	0.00212042
129250	0.00212432
129300	0.00212333
129350	0.00213371
129400	0.00212359
129450	0.00213339
129500	0.00213094
129550	0.00212697
129600	0.00213084
129650	0.00213501
129700	0.00212874
129750	0.0021481
129800	0.00214297
129850	0.00213004
129900	0.0021318
129950	0.00213194
130000	0.0021408
130050	0.00215086
130100	0.00214203
130150	0.00213968
130200	0.00213759
130250	0.00214173
130300	0.00214803
130350	0.00214658
130400	0.00215392
130450	0.00215888
130500	0.00214527
130550	0.00214506
130600	0.00215711
130650	0.00214261
130700	0.00215728
130750	0.00216
130800	0.00214902
130850	0.00214849
130900	0.00215006
130950	0.00214943
131000	0.00216353
131050	0.00216384
131100	0.00215217
131150	0.0021559
131200	0.00216032
131250	0.00216432
131300	0.00216234
131350	0.00216872
131400	0.00216944
131450	0.00215841
131500	0.00216318
131550	0.00216817
131600	0.00216246
131650	0.0021731
131700	0.00216725
131750	0.00216211
131800	0.0021684
131850	0.00216962
131900	0.00216721
131950	0.00217029
132000	0.00217489
132050	0.00217983
132100	0.00216771
132150	0.00217475
132200	0.00218129
132250	0.0021748
132300	0.00218599
132350	0.00217979
132400	0.00217129
132450	0.00217875
132500	0.00217819
132550	0.00218505
132600	0.00218659
132650	0.00218593
132700	0.00218848
132750	0.00218919
132800	0.0022027
132850	0.00218824
132900	0.00218542
132950	0.00220016
133000	0.00218905
133050	0.00218524
133100	0.00219252
133150	0.00218457
133200	0.00220318
133250	0.00220168
133300	0.00218814
133350	0.00219492
133400	0.00218861
133450	0.00219147
133500	0.00219659
133550	0.00219231
133600	0.00219526
133650	0.00219751
133700	0.00220012
133750	0.00219994
133800	0.00219758
133850	0.00221417
133900	0.00220589
133950	0.00219614
134000	0.00220333
134050	0.00219975
134100	0.00222544
134150	0.00221402
134200	0.00220349
134250	0.0022034
134300	0.00220406
134350	0.00220797
134400	0.00220843
134450	0.00221488
134500	0.00221492
134550	0.00221596
134600	0.00222082
134650	0.00221499
134700	0.00222545
134750	0.00222265
134800	0.00222469
134850	0.00221453
134900	0.00221629
134950	0.00221443
135000	0.00222114
135050	0.00222702
135100	0.00221978
135150	0.0022193
135200	0.00222
135250	0.00223128
135300	0.00222269
135350	0.00223075
135400	0.00223069
135450	0.00223081
135500	0.00223242
135550	0.00222512
135600	0.00223814
135650	0.00223939
135700	0.00222862
135750	0.00223048
135800	0.00223142
135850	0.00223757
135900	0.00223606
135950	0.00223329
136000	0.00223768
136050	0.00224017
136100	0.00223876
136150	0.00224065
136200	0.0022393
136250	0.00225044
136300	0.00225378
136350	0.00224679
136400	0.00225317
136450	0.0022435
136500	0.00224688
136550	0.00224899
136600	0.0022427
136650	0.00224906
136700	0.00224963
136750	0.00225383
136800	0.00224879
136850	0.00225716
136900	0.00225818
136950	0.00224817
137000	0.00225537
137050	0.00225462
137100	0.00226713
137150	0.00226483
137200	0.00225933
137250	0.00225603
137300	0.00225913
137350	0.00226152
137400	0.00225979
137450	0.00226716
137500	0.00226357
137550	0.00226218
137600	0.00226335
137650	0.00225975
137700	0.00227097
137750	0.00227932
137800	0.00226197
137850	0.00226445
137900	0.00226243
137950	0.00226954
138000	0.00227428
138050	0.00226617
138100	0.00227199
138150	0.00227097
138200	0.00227484
138250	0.00227275
138300	0.00229128
138350	0.00228189
138400	0.00227152
138450	0.0022766
138500	0.00227822
138550	0.00228723
138600	0.00228378
138650	0.00227791
138700	0.00227774
138750	0.00227829
138800	0.00228754
138850	0.00228554
138900	0.00228887
138950	0.00229122
139000	0.00229042
139050	0.00229729
139100	0.0022991
139150	0.00229268
139200	0.00229587
139250	0.00229092
139300	0.0022866
139350	0.0022955
139400	0.002307
139450	0.0022876
139500	0.00229523
139550	0.0022907
139600	0.00230199
139650	0.00229699
139700	0.00230612
139750	0.00231168
139800	0.00230187
139850	0.00229517
139900	0.00229744
139950	0.0023094
140000	0.0023036
140050	0.00230256
140100	0.0023031
140150	0.00231073
140200	0.00230475
140250	0.00230753
140300	0.00231315
140350	0.00231285
140400	0.00230625
140450	0.00231157
140500	0.00231221
140550	0.00231475
140600	0.00231904
140650	0.00230845
140700	0.00231897
140750	0.00231061
140800	0.00231917
140850	0.0023115
140900	0.00232557
140950	0.00232282
141000	0.0023186
141050	0.00232089
141100	0.00232994
141150	0.00232588
141200	0.00231971
141250	0.0023256
141300	0.00232314
141350	0.00236089
141400	0.00234152
141450	0.00233928
141500	0.00233113
141550	0.00233273
141600	0.00236374
141650	0.00232858
141700	0.00233903
141750	0.00235356
141800	0.00233028
141850	0.00233023
141900	0.0023317
141950	0.00233405
142000	0.00233794
142050	0.00233936
142100	0.00234062
142150	0.00234732
142200	0.00234126
142250	0.00234705
142300	0.00235457
142350	0.0023393
142400	0.00233974
142450	0.00233993
142500	0.00234669
142550	0.00234448
142600	0.0023418
142650	0.00234041
142700	0.00234582
142750	0.00234885
142800	0.00235718
142850	0.00235549
142900	0.00234876
142950	0.0023517
143000	0.00235585
143050	0.00235937
143100	0.00235971
143150	0.00235559
143200	0.0023564
143250	0.00235232
143300	0.00236044
143350	0.00236897
143400	0.00236648
143450	0.00236764
143500	0.00236083
143550	0.00236257
143600	0.00236844
143650	0.00236534
143700	0.00236
143750	0.0023669
143800	0.00236737
143850	0.00238077
143900	0.00237275
143950	0.00237457
144000	0.00236898
144050	0.00237491
144100	0.00237058
144150	0.00237487
144200	0.00237967
144250	0.00236956
144300	0.00237428
144350	0.0023767
144400	0.00237244
144450	0.00237763
144500	0.00237691
144550	0.00238243
144600	0.0023787
144650	0.00237988
144700	0.00238416
144750	0.00238145
144800	0.00238413
144850	0.00238398
144900	0.00237658
144950	0.00238187
145000	0.00238656
145050	0.00238577
145100	0.0023829
145150	0.00238548
145200	0.00238923
145250	0.00239222
145300	0.00239044
145350	0.00239094
145400	0.00239594
145450	0.00238706
145500	0.00239435
145550	0.00240354
145600	0.0023904
145650	0.00239138
145700	0.00239326
145750	0.00240119
145800	0.00240251
145850	0.00240154
145900	0.00240897
145950	0.00239787
146000	0.0024019
146050	0.00241419
146100	0.00240501
146150	0.00241074
146200	0.0024121
146250	0.00240827
146300	0.00240817
146350	0.00241404
146400	0.00241748
146450	0.00241169
146500	0.00240913
146550	0.00242083
146600	0.00241469
146650	0.00241016
146700	0.00240874
146750	0.00241181
146800	0.00241263
146850	0.00241498
146900	0.00242963
146950	0.00241891
147000	0.00242062
147050	0.00242499
147100	0.00242737
147150	0.00243001
147200	0.00241621
147250	0.00241879
147300	0.00242172
147350	0.00243356
147400	0.00241969
147450	0.00243404
147500	0.00242584
147550	0.00243408
147600	0.00243113
147650	0.00243071
147700	0.00243071
147750	0.00242769
147800	0.00243474
147850	0.00244383
147900	0.00244122
147950	0.00243756
148000	0.00243586
148050	0.00243595
148100	0.00243518
148150	0.00244341
148200	0.0024412
148250	0.0024357
148300	0.00243748
148350	0.00244109
148400	0.00243708
148450	0.00244368
148500	0.00244294
148550	0.00245385
148600	0.00245258
148650	0.0024421
148700	0.00245514
148750	0.00245063
148800	0.00244099
148850	0.00245089
148900	0.00244806
148950	0.00244901
149000	0.00273506
149050	0.00243777
149100	0.00244173
149150	0.00244835
149200	0.00244734
149250	0.00244411
149300	0.00244259
149350	0.00244248
149400	0.00244534
149450	0.00244292
149500	0.0024537
149550	0.00244868
149600	0.00245341
149650	0.00245956
149700	0.00245991
149750	0.00245583
149800	0.00245007
149850	0.00245278
149900	0.00246163
149950	0.00245348
150000	0.00245591
150050	0.00245299
150100	0.00245809
150150	0.00246593
150200	0.00246378
150250	0.0024712
150300	0.00245433
150350	0.00245463
150400	0.00246058
150450	0.00246229
150500	0.00246363
150550	0.00246293
150600	0.00246382
150650	0.00247368
150700	0.00247195
150750	0.00247079
150800	0.00246641
150850	0.00247333
150900	0.00246416
150950	0.00246799
151000	0.00247432
151050	0.00246835
151100	0.00247178
151150	0.00248396
151200	0.00247802
151250	0.00248079
151300	0.00247632
151350	0.00247421
151400	0.00247239
151450	0.00248281
151500	0.00248458
151550	0.00247802
151600	0.00250057
151650	0.00249601
151700	0.00249977
151750	0.00249235
151800	0.00249714
151850	0.00248602
151900	0.00249678
151950	0.00249546
152000	0.00249098
152050	0.00249252
152100	0.00248656
152150	0.00248804
152200	0.00249909
152250	0.00249517
152300	0.00249936
152350	0.00249577
152400	0.00248891
152450	0.00249226
152500	0.00250169
152550	0.00249601
152600	0.00249805
152650	0.00250822
152700	0.0025029
152750	0.00251084
152800	0.00250988
152850	0.00250628
152900	0.00249739
152950	0.00249752
153000	0.00250604
153050	0.00250073
153100	0.00250187
153150	0.00250553
153200	0.00251253
153250	0.00251302
153300	0.00253009
153350	0.00251756
153400	0.00251402
153450	0.00250784
153500	0.00251551
153550	0.00251119
153600	0.00250959
153650	0.00252072
153700	0.00251454
153750	0.00253238
153800	0.00252441
153850	0.00251412
153900	0.0025146
153950	0.00251614
154000	0.00252753
154050	0.00252043
154100	0.0025287
154150	0.00252747
154200	0.00253736
154250	0.00252235
154300	0.00253439
154350	0.00252397
154400	0.00252218
154450	0.00252355
154500	0.00253149
154550	0.00252982
154600	0.0025302
154650	0.00254186
154700	0.00253483
154750	0.0025319
154800	0.00254135
154850	0.00253136
154900	0.00253818
154950	0.00254327
155000	0.00253758
155050	0.0025441
155100	0.00253979
155150	0.00254093
155200	0.00254215
155250	0.00254775
155300	0.00254455
155350	0.00253786
155400	0.00254475
155450	0.00254166
155500	0.00254684
155550	0.00254491
155600	0.00254883
155650	0.00255071
155700	0.00255317
155750	0.00255451
155800	0.00255533
155850	0.00254529
155900	0.0025463
155950	0.00255571
156000	0.00255463
156050	0.00254935
156100	0.00255642
156150	0.00256287
156200	0.0025549
156250	0.00257355
156300	0.00256554
156350	0.00257295
156400	0.00255933
156450	0.00256363
156500	0.0025642
156550	0.00255949
156600	0.0025689
156650	0.00256517
156700	0.00257507
156750	0.00256648
156800	0.00256141
156850	0.00256371
156900	0.0025695
156950	0.00256535
157000	0.00257308
157050	0.00257841
157100	0.00257672
157150	0.0025797
157200	0.00258253
157250	0.00256865
157300	0.00257547
157350	0.00257586
157400	0.00257871
157450	0.00258481
157500	0.00257837
157550	0.00258726
157600	0.00258085
157650	0.00258426
157700	0.00258416
157750	0.00257754
157800	0.00261824
157850	0.00261838
157900	0.00260097
157950	0.00259185
158000	0.00258942
158050	0.00258811
158100	0.00258583
158150	0.00259859
158200	0.00258476
158250	0.00258696
158300	0.00259607
158350	0.00259642
158400	0.0025967
158450	0.00259494
158500	0.0025967
158550	0.00259951
158600	0.0026027
158650	0.00259927
158700	0.00260257
158750	0.00259663
158800	0.00260381
158850	0.00260517
158900	0.0026046
158950	0.00260378
159000	0.00260327
159050	0.00260615
159100	0.00260446
159150	0.00260755
159200	0.00260702
159250	0.00261642
159300	0.0026088
159350	0.00260657
159400	0.0026181
159450	0.00261317
159500	0.0026168
159550	0.002623
159600	0.00260846
159650	0.00261001
159700	0.00262226
159750	0.00262404
159800	0.00261299
159850	0.00263117
159900	0.00262723
159950	0.00261241
160000	0.00262278
160050	0.00261512
160100	0.00261587
160150	0.0026217
160200	0.00262748
160250	0.00263476
160300	0.00262732
160350	0.00262547
160400	0.00261931
160450	0.00262014
160500	0.00262892
160550	0.00262278
160600	0.00262998
160650	0.00263931
160700	0.00263223
160750	0.00263746
160800	0.00262885
160850	0.00262766
160900	0.00263085
160950	0.00264399
161000	0.00264256
161050	0.00264399
161100	0.00264345
161150	0.00263944
161200	0.00264616
161250	0.00264208
161300	0.00263563
161350	0.0026443
161400	0.0026445
161450	0.0026422
161500	0.00264631
161550	0.00265008
161600	0.00264926
161650	0.00265329
161700	0.00264528
161750	0.0026497
161800	0.00264605
161850	0.00265097
161900	0.00265139
161950	0.00264611
162000	0.00265286
162050	0.00266013
162100	0.00266001
162150	0.00265925
162200	0.00265717
162250	0.00266431
162300	0.00266923
162350	0.00266237
162400	0.00266466
162450	0.00266768
162500	0.0026617
162550	0.00267143
162600	0.0026597
162650	0.00265722
162700	0.00265833
162750	0.00266736
162800	0.00266634
162850	0.00268108
162900	0.00266585
162950	0.00266072
163000	0.00267358
163050	0.00266397
163100	0.00266854
163150	0.00267046
163200	0.00268128
163250	0.00267995
163300	0.00267872
163350	0.00267336
163400	0.0026793
163450	0.00268048
163500	0.00268154
163550	0.00268167
163600	0.00269131
163650	0.00269429
163700	0.00268326
163750	0.00269305
163800	0.00267853
163850	0.00267761
163900	0.00268677
163950	0.0026967
164000	0.00268466
164050	0.00269496
164100	0.00268821
164150	0.00268615
164200	0.00269279
164250	0.00268237
164300	0.00268409
164350	0.00269976
164400	0.00269522
164450	0.00268822
164500	0.00269404
164550	0.00270172
164600	0.00269722
164650	0.0026917
164700	0.00269357
164750	0.00270379
164800	0.00269879
164850	0.00270078
164900	0.00270811
164950	0.00270278
165000	0.00270311
165050	0.00270748
165100	0.00270763
165150	0.00270159
165200	0.00270382
165250	0.00270801
165300	0.00270728
165350	0.00271275
165400	0.00270749
165450	0.00270464
165500	0.00271
165550	0.00270542
165600	0.00270496
165650	0.00271525
165700	0.00271932
165750	0.00271589
165800	0.00273101
165850	0.00272188
165900	0.00272266
165950	0.00271931
166000	0.00272024
166050	0.00271777
166100	0.00272246
166150	0.00271856
166200	0.00273443
166250	0.00271454
166300	0.00271555
166350	0.00272628
166400	0.00272793
166450	0.00272986
166500	0.00272783
166550	0.00273606
166600	0.00273371
166650	0.00272971
166700	0.00272918
166750	0.0027288
166800	0.00273073
166850	0.00273946
166900	0.00273074
166950	0.002738
167000	0.00273288
167050	0.00274686
167100	0.00273225
167150	0.00274139
167200	0.00275555
167250	0.00275402
167300	0.00274304
167350	0.00275878
167400	0.00273746
167450	0.00274205
167500	0.00274428
167550	0.00273967
167600	0.00275129
167650	0.00275173
167700	0.00274394
167750	0.0027487
167800	0.00274366
167850	0.00274033
167900	0.00275526
167950	0.0027478
168000	0.00275354
168050	0.00275429
168100	0.00275642
168150	0.0027587
168200	0.00276208
168250	0.00275975
168300	0.00275391
168350	0.00276277
168400	0.00276041
168450	0.00276163
168500	0.00275947
168550	0.00276336
168600	0.00277465
168650	0.00276223
168700	0.00275708
168750	0.00276617
168800	0.00276398
168850	0.00276656
168900	0.00278899
168950	0.00279459
169000	0.00277042
169050	0.00276139
169100	0.00276169
169150	0.00277184
169200	0.00277661
169250	0.00276675
169300	0.0027839
169350	0.0027691
169400	0.00276583
169450	0.00277305
169500	0.00277517
169550	0.00277618
169600	0.00278124
169650	0.00278154
169700	0.00279142
169750	0.00278129
169800	0.00281018
169850	0.00278273
169900	0.00279899
169950	0.00278562
170000	0.00278827
170050	0.00278268
170100	0.00279404
170150	0.00277978
170200	0.00278301
170250	0.00279278
170300	0.00279211
170350	0.00278635
170400	0.00279772
170450	0.00278647
170500	0.0027923
170550	0.00278627
170600	0.00278712
170650	0.00280971
170700	0.00281436
170750	0.00280195
170800	0.00280581
170850	0.00279826
170900	0.00280507
170950	0.00280072
171000	0.00280045
171050	0.00280134
171100	0.00280476
171150	0.00280506
171200	0.00280759
171250	0.00280255
171300	0.00279719
171350	0.00280737
171400	0.00281039
171450	0.00280239
171500	0.00281198
171550	0.00280583
171600	0.00282547
171650	0.00280561
171700	0.00280467
171750	0.00281026
171800	0.00281719
171850	0.00281262
171900	0.00282522
171950	0.00280853
172000	0.00281939
172050	0.00281665
172100	0.00281776
172150	0.00283155
172200	0.00281585
172250	0.00282702
172300	0.00283863
172350	0.0028272
172400	0.00282935
172450	0.00283714
172500	0.00282783
172550	0.00283604
172600	0.00283296
172650	0.00283207
172700	0.00282433
172750	0.00286723
172800	0.00285648
172850	0.00285274
172900	0.00284226
172950	0.00284584
173000	0.00283361
173050	0.00283741
173100	0.00283609
173150	0.00282799
173200	0.00284572
173250	0.0028396
173300	0.00283361
173350	0.00284393
173400	0.00283566
173450	0.00283164
173500	0.00284206
173550	0.00284249
173600	0.00285205
173650	0.00283915
173700	0.00284399
173750	0.00284702
173800	0.00283894
173850	0.00285594
173900	0.00285249
173950	0.00284096
174000	0.00284946
174050	0.00284609
174100	0.00286041
174150	0.0028464
174200	0.00285524
174250	0.00285033
174300	0.00285763
174350	0.00285445
174400	0.00286395
174450	0.00285421
174500	0.00285796
174550	0.00285362
174600	0.00285466
174650	0.00286785
174700	0.0028594
174750	0.00286216
174800	0.00287543
174850	0.00287145
174900	0.00287597
174950	0.00287353
175000	0.00286677
175050	0.00287291
175100	0.00286508
175150	0.00287998
175200	0.0028619
175250	0.00286216
175300	0.00287476
175350	0.00287387
175400	0.00287641
175450	0.00287951
175500	0.00287614
175550	0.00287902
175600	0.00287509
175650	0.00287346
175700	0.00288381
175750	0.00288088
175800	0.00287967
175850	0.00287773
175900	0.00287358
175950	0.00287602
176000	0.0028828
176050	0.00289446
176100	0.00290126
176150	0.00288674
176200	0.00289611
176250	0.00288115
176300	0.00288008
176350	0.00290947
176400	0.00288258
176450	0.00289251
176500	0.00289017
176550	0.00289645
176600	0.00288567
176650	0.00288579
176700	0.00289964
176750	0.00290075
176800	0.00289194
176850	0.00289847
176900	0.00288908
176950	0.00291445
177000	0.00290096
177050	0.00289561
177100	0.00291163
177150	0.00289676
177200	0.00290686
177250	0.00289747
177300	0.00290307
177350	0.00290435
177400	0.00290761
177450	0.00290439
177500	0.0029074
177550	0.00291869
177600	0.00292853
177650	0.00293013
177700	0.00290694
177750	0.00292821
177800	0.00290695
177850	0.00292457
177900	0.00291904
177950	0.00290452
178000	0.00291756
178050	0.00294678
178100	0.00293086
178150	0.0029177
178200	0.00294065
178250	0.00291934
178300	0.00291722
178350	0.00292709
178400	0.0029286
178450	0.00292097
178500	0.00292378
178550	0.0029204
178600	0.00293698
178650	0.00291832
178700	0.00292634
178750	0.00293219
178800	0.00293075
178850	0.00292998
178900	0.00292717
178950	0.00292346
179000	0.00293229
179050	0.0029249
179100	0.0029522
179150	0.00292921
179200	0.00294093
179250	0.00293697
179300	0.00292975
179350	0.00294366
179400	0.00295036
179450	0.0029332
179500	0.00294552
179550	0.00294078
179600	0.00294892
179650	0.00293894
179700	0.00295395
179750	0.00295374
179800	0.00293686
179850	0.00295265
179900	0.00293848
179950	0.00294873
180000	0.00294769
180050	0.00295465
180100	0.0029646
180150	0.00294722
180200	0.00296387
180250	0.00295323
180300	0.00294633
180350	0.00296312
180400	0.00295043
180450	0.0029535
180500	0.0029554
180550	0.00297262
180600	0.00294871
180650	0.00295668
180700	0.00296408
180750	0.00295416
180800	0.00296459
180850	0.0029818
180900	0.00296211
180950	0.00296647
181000	0.00296778
181050	0.00297323
181100	0.00296717
181150	0.00297153
181200	0.0029746
181250	0.00296311
181300	0.00296394
181350	0.00297928
181400	0.00297994
181450	0.00298096
181500	0.00297892
181550	0.00298106
181600	0.00297249
181650	0.00297188
181700	0.00298838
181750	0.00297018
181800	0.00298096
181850	0.00297963
181900	0.00297306
181950	0.00297723
182000	0.00298032
182050	0.00300471
182100	0.00297913
182150	0.00299156
182200	0.00297615
182250	0.0029796
182300	0.00299654
182350	0.00298484
182400	0.00298178
182450	0.00299079
182500	0.00298949
182550	0.00298303
182600	0.00299181
182650	0.00299548
182700	0.0029879
182750	0.00298964
182800	0.00299508
182850	0.00299902
182900	0.00299297
182950	0.00299583
183000	0.00299642
183050	0.00299081
183100	0.00300565
183150	0.00300239
183200	0.00299312
183250	0.00300382
183300	0.00299669
183350	0.00300139
183400	0.00300963
183450	0.00301857
183500	0.00300825
183550	0.00299859
183600	0.00301432
183650	0.00299868
183700	0.00301126
183750	0.00301353
183800	0.00300598
183850	0.00301237
183900	0.0030142
183950	0.00300959
184000	0.00302036
184050	0.00302104
184100	0.00301328
184150	0.00301102
184200	0.00302198
184250	0.00301237
184300	0.00302224
184350	0.00302619
184400	0.00301773
184450	0.00301662
184500	0.00302212
184550	0.00304846
184600	0.0030211
184650	0.00303665
184700	0.00302654
184750	0.00302071
184800	0.00302738
184850	0.00304217
184900	0.00302487
184950	0.00303237
185000	0.00302909
185050	0.0030233
185100	0.00302633
185150	0.00304494
185200	0.00302537
185250	0.00303293
185300	0.00303652
185350	0.00303544
185400	0.00305418
185450	0.00304557
185500	0.00303959
185550	0.00303502
185600	0.00304441
185650	0.00303211
185700	0.00304644
185750	0.00305011
185800	0.00303436
185850	0.00304065
185900	0.00304229
185950	0.00304357
186000	0.00305137
186050	0.00307256
186100	0.00308877
186150	0.00305174
186200	0.00307115
186250	0.0030505
186300	0.00305175
186350	0.00306504
186400	0.00304972
186450	0.00306617
186500	0.0030553
186550	0.00305098
186600	0.00305043
186650	0.00306204
186700	0.00305591
186750	0.00306069
186800	0.00306144
186850	0.00305215
186900	0.00305614
186950	0.00306365
187000	0.00306255
187050	0.00306558
187100	0.00306775
187150	0.00306297
187200	0.00305923
187250	0.00307391
187300	0.0030722
187350	0.00306214
187400	0.00307492
187450	0.00306032
187500	0.00306986
187550	0.00308452
187600	0.00307335
187650	0.00306496
187700	0.00307822
187750	0.00307268
187800	0.00307053
187850	0.00309285
187900	0.00308545
187950	0.00307963
188000	0.00307967
188050	0.00307641
188100	0.00309001
188150	0.0030863
188200	0.00307958
188250	0.00308937
188300	0.0030909
188350	0.00308888
188400	0.00308313
188450	0.00309335
188500	0.00309125
188550	0.00309278
188600	0.00309625
188650	0.00309245
188700	0.00308883
188750	0.00309626
188800	0.00309034
188850	0.00309353
188900	0.00310006
188950	0.00309295
189000	0.00310002
189050	0.00310796
189100	0.00309613
189150	0.00309404
189200	0.00311003
189250	0.00309757
189300	0.0031108
189350	0.00309516
189400	0.00309945
189450	0.00311313
189500	0.00310731
189550	0.00310335
189600	0.00312356
189650	0.00312124
189700	0.00311048
189750	0.00311964
189800	0.00310669
189850	0.00310104
189900	0.00311851
189950	0.00311869
190000	0.00311273
190050	0.00311455
190100	0.00311037
190150	0.00310551
190200	0.00312072
190250	0.00311949
190300	0.00311249
190350	0.00312216
190400	0.00311462
190450	0.00313309
190500	0.00312039
190550	0.00311963
190600	0.00311831
190650	0.00312952
190700	0.00311593
190750	0.00312752
190800	0.00312827
190850	0.00311626
190900	0.00313265
190950	0.00311946
191000	0.0031279
191050	0.00312431
191100	0.00313543
191150	0.00312566
191200	0.00313545
191250	0.00312864
191300	0.00313316
191350	0.00314483
191400	0.0031279
191450	0.00313154
191500	0.00314048
191550	0.0031425
191600	0.00312863
191650	0.00314522
191700	0.00313497
191750	0.0031411
191800	0.00315198
191850	0.00313778
191900	0.00314979
191950	0.00313721
192000	0.00314362
192050	0.00316161
192100	0.00315728
192150	0.00314713
192200	0.00315773
192250	0.00314482
192300	0.00315632
192350	0.00315924
192400	0.0031446
192450	0.00315358
192500	0.00315334
192550	0.00315486
192600	0.00315089
192650	0.00315788
192700	0.00314806
192750	0.00318865
192800	0.00317344
192850	0.00315246
192900	0.00317359
192950	0.00315994
193000	0.00316211
193050	0.00316702
193100	0.00316392
193150	0.00315918
193200	0.00317318
193250	0.00315661
193300	0.00316008
193350	0.00318084
193400	0.0031593
193450	0.00317364
193500	0.00317201
193550	0.00316591
193600	0.00318245
193650	0.00317209
193700	0.00317132
193750	0.0031797
193800	0.00316715
193850	0.00317637
193900	0.00318976
193950	0.00320264
194000	0.00318187
194050	0.00321632
194100	0.00318306
194150	0.00319898
194200	0.0031811
194250	0.00317897
194300	0.0031912
194350	0.00318887
194400	0.00318717
194450	0.00318805
194500	0.003187
194550	0.00318333
194600	0.0032055
194650	0.00318015
194700	0.00320654
194750	0.00318558
194800	0.00318342
194850	0.00320575
194900	0.0031864
194950	0.00319651
195000	0.00319535
195050	0.00319194
195100	0.0032012
195150	0.0032001
195200	0.00319025
195250	0.00320798
195300	0.0031941
195350	0.00319977
195400	0.00320575
195450	0.0031937
195500	0.00320249
195550	0.00322005
195600	0.00320677
195650	0.00319997
195700	0.00320921
195750	0.00319743
195800	0.00322022
195850	0.00322113
195900	0.00321171
195950	0.00321622
196000	0.00321265
196050	0.00321406
196100	0.00322359
196150	0.00321324
196200	0.0032127
196250	0.00321528
196300	0.00321285
196350	0.00322406
196400	0.00321333
196450	0.00321045
196500	0.00322363
196550	0.00322517
196600	0.00322579
196650	0.00321855
196700	0.00321434
196750	0.00322548
196800	0.00322641
196850	0.00322377
196900	0.00321987
196950	0.00322199
197000	0.00323027
197050	0.00324095
197100	0.00322245
197150	0.00324204
197200	0.00322823
197250	0.00322498
197300	0.00324698
197350	0.00322905
197400	0.00324387
197450	0.0032346
197500	0.00323661
197550	0.00324637
197600	0.00324559
197650	0.00323527
197700	0.00324995
197750	0.00324038
197800	0.00324469
197850	0.00324228
197900	0.00323709
197950	0.00324856
198000	0.00324583
198050	0.00323557
198100	0.00325025
198150	0.00324139
198200	0.00325432
198250	0.00325652
198300	0.00324601
198350	0.00325348
198400	0.00324687
198450	0.00325387
198500	0.00325246
198550	0.00324699
198600	0.00324787
198650	0.00325492
198700	0.00324766
198750	0.00327402
198800	0.00325246
198850	0.00325196
198900	0.00326377
198950	0.00325239
199000	0.0032605
199050	0.00326032
199100	0.00325536
199150	0.00326332
199200	0.00326096
199250	0.00327516
199300	0.00326385
199350	0.00325925
199400	0.00326805
199450	0.00328169
199500	0.00327082
199550	0.00327674
199600	0.00326327
199650	0.00326609
199700	0.00328255
199750	0.00326546
199800	0.00328229
199850	0.00326709
199900	0.0032656
199950	0.00328803
200000	0.00328133
200050	0.00328545
200100	0.00327843
200150	0.0032822
200200	0.00328767
200250	0.00328118
200300	0.00328812
200350	0.00328175
200400	0.00328719
200450	0.00328165
200500	0.00328741
200550	0.00329145
200600	0.00328608
200650	0.00329448
200700	0.00328546
200750	0.00329131
200800	0.00329718
200850	0.00328537
200900	0.00329101
200950	0.00328739
201000	0.00329247
201050	0.00329074
201100	0.00332334
201150	0.00330855
201200	0.00330345
201250	0.00334178
201300	0.00329585
201350	0.00332496
201400	0.00329972
201450	0.00329823
201500	0.00330409
201550	0.00329948
201600	0.00330924
201650	0.00329885
201700	0.00329951
201750	0.00330762
201800	0.00331068
201850	0.00331326
201900	0.003309
201950	0.00331051
202000	0.00331486
202050	0.0033345
202100	0.00331685
202150	0.00331054
202200	0.00331103
202250	0.0033105
202300	0.00332474
202350	0.0033174
202400	0.00331372
202450	0.00330774
202500	0.00331833
202550	0.00332075
202600	0.00331983
202650	0.00332333
202700	0.00332416
202750	0.0033243
202800	0.00332272
202850	0.00332398
202900	0.00332084
202950	0.00331756
203000	0.00332623
203050	0.00332978
203100	0.00333071
203150	0.00332581
203200	0.00333134
203250	0.00332645
203300	0.00333272
203350	0.00333304
203400	0.00332742
203450	0.00333368
203500	0.00333675
203550	0.00334332
203600	0.00333786
203650	0.00334123
203700	0.00332886
203750	0.00332912
203800	0.00334305
203850	0.00333962
203900	0.00334646
203950	0.00333919
204000	0.00334267
204050	0.00335471
204100	0.00335349
204150	0.00334529
204200	0.00334716
204250	0.00334053
204300	0.00335347
204350	0.0033585
204400	0.00335393
204450	0.00334397
204500	0.00335033
204550	0.00337185
204600	0.00335479
204650	0.00335459
204700	0.00335159
204750	0.00335005
204800	0.00336798
204850	0.00336529
204900	0.00335674
204950	0.00334993
205000	0.00335797
205050	0.00336793
205100	0.00336676
205150	0.00337282
205200	0.00336215
205250	0.0033685
205300	0.00336958
205350	0.00336953
205400	0.00336338
205450	0.00336049
205500	0.00336671
205550	0.00337072
205600	0.00336784
205650	0.00336425
205700	0.00337221
205750	0.00336366
205800	0.00337756
205850	0.00337149
205900	0.0033769
205950	0.00337417
206000	0.00337513
206050	0.00337836
206100	0.00337828
206150	0.00338409
206200	0.0033725
206250	0.0033776
206300	0.0033787
206350	0.00338083
206400	0.00338791
206450	0.0033752
206500	0.00338163
206550	0.00339189
206600	0.00338283
206650	0.00338376
206700	0.00338319
206750	0.00339406
206800	0.00339888
206850	0.00337825
206900	0.00338837
206950	0.00338144
207000	0.00339592
207050	0.0034027
207100	0.00339263
207150	0.00338857
207200	0.00338984
207250	0.0034081
207300	0.00339715
207350	0.00339566
207400	0.00339089
207450	0.00339072
207500	0.00340312
207550	0.00340486
207600	0.0034042
207650	0.00339935
207700	0.00340661
207750	0.00340308
207800	0.00340594
207850	0.00340081
207900	0.00340082
207950	0.00340618
208000	0.00341186
208050	0.00340553
208100	0.00341588
208150	0.0034127
208200	0.0034103
208250	0.00342099
208300	0.00340922
208350	0.00342247
208400	0.00340786
208450	0.00342446
208500	0.00342181
208550	0.00343626
208600	0.00342484
208650	0.00341063
208700	0.00342787
208750	0.00342466
208800	0.0034272
208850	0.0034177
208900	0.00341632
208950	0.00342699
209000	0.00342522
209050	0.00342215
209100	0.00342778
209150	0.00342788
209200	0.00344151
209250	0.00343011
209300	0.00344239
209350	0.00345672
209400	0.00343096
209450	0.00345215
209500	0.00343496
209550	0.00342847
209600	0.00343071
209650	0.00344774
209700	0.00343837
209750	0.00343459
209800	0.00343121
209850	0.00343213
209900	0.00346141
209950	0.00343206
210000	0.00344101
210050	0.00343414
210100	0.00344915
210150	0.0034538
210200	0.00343392
210250	0.00344665
210300	0.00344353
210350	0.00344358
210400	0.00345637
210450	0.00344017
210500	0.00344931
210550	0.00344432
210600	0.00346635
210650	0.00344213
210700	0.00345065
210750	0.00345356
210800	0.00344705
210850	0.00346707
210900	0.00344742
210950	0.00346658
211000	0.00346006
211050	0.00346023
211100	0.00346506
211150	0.00346808
211200	0.00345398
211250	0.00345046
211300	0.00347752
211350	0.00345494
211400	0.00347069
211450	0.00345868
211500	0.00346938
211550	0.00347941
211600	0.00347169
211650	0.00346556
211700	0.00346254
211750	0.00346723
211800	0.00349157
211850	0.00346321
211900	0.00347059
211950	0.00346411
212000	0.00347783
212050	0.00347039
212100	0.00347771
212150	0.00347573
212200	0.00347278
212250	0.0034991
212300	0.0034742
212350	0.00347922
212400	0.00347599
212450	0.00347999
212500	0.00348516
212550	0.00348116
212600	0.00348054
212650	0.00348711
212700	0.00349774
212750	0.003481
212800	0.0034802
212850	0.00348001
212900	0.00348776
212950	0.00350312
213000	0.00348834
213050	0.00350239
213100	0.00348167
213150	0.00350831
213200	0.00348398
213250	0.00349276
213300	0.00349395
213350	0.00348658
213400	0.00350761
213450	0.00348873
213500	0.00349853
213550	0.00349263
213600	0.00350972
213650	0.00349862
213700	0.0035107
213750	0.00349546
213800	0.00349239
213850	0.003519
213900	0.00349714
213950	0.00350735
214000	0.00350364
214050	0.00351566
214100	0.00352866
214150	0.00352463
214200	0.00350339
214250	0.00350832
214300	0.00352539
214350	0.00351477
214400	0.00351055
214450	0.00350763
214500	0.00351358
214550	0.00352063
214600	0.00351339
214650	0.00350903
214700	0.00351136
214750	0.00354729
214800	0.0035247
214850	0.00352146
214900	0.0035181
214950	0.0035141
215000	0.00352485
215050	0.00352164
215100	0.00352125
215150	0.00352274
215200	0.00354383
215250	0.00353828
215300	0.00355516
215350	0.00354337
215400	0.00354042
215450	0.00355409
215500	0.00353193
215550	0.00353391
215600	0.00352223
215650	0.00355177
215700	0.00352421
215750	0.00352989
215800	0.00353598
215850	0.00352737
215900	0.00354973
215950	0.00353102
216000	0.00354786
216050	0.0035363
216100	0.00356155
216150	0.00353702
216200	0.00354382
216250	0.0035368
216300	0.00353422
216350	0.00355577
216400	0.00354114
216450	0.0035438
216500	0.00355154
216550	0.00356693
216600	0.00354835
216650	0.00355115
216700	0.00354748
216750	0.0035525
216800	0.00356004
216850	0.00354516
216900	0.00355016
216950	0.00354342
217000	0.00355825
217050	0.00354545
217100	0.00355767
217150	0.003552
217200	0.00357052
217250	0.00355875
217300	0.0035664
217350	0.00355935
217400	0.00356311
217450	0.00357364
217500	0.00356088
217550	0.00355978
217600	0.00356399
217650	0.00357338
217700	0.00356294
217750	0.00356183
217800	0.0035671
217850	0.00355979
217900	0.00359194
217950	0.00356091
218000	0.0035742
218050	0.00356477
218100	0.00359085
218150	0.00356752
218200	0.00358141
218250	0.00357049
218300	0.00357927
218350	0.00358326
218400	0.00356694
218450	0.00358427
218500	0.00358122
218550	0.00358584
218600	0.00358505
218650	0.00358012
218700	0.00357788
218750	0.00359482
218800	0.0035822
218850	0.00359271
218900	0.00358384
218950	0.00357875
219000	0.00359157
219050	0.00359165
219100	0.00358801
219150	0.0035846
219200	0.00361174
219250	0.00358952
219300	0.00359203
219350	0.00358847
219400	0.00359588
219450	0.00360138
219500	0.00359524
219550	0.00360472
219600	0.00361364
219650	0.00360278
219700	0.00359066
219750	0.00360419
219800	0.00360057
219850	0.00361538
219900	0.00359711
219950	0.0035989
220000	0.00360257
220050	0.00361107
220100	0.00360553
220150	0.0036032
220200	0.0036183
220250	0.00360491
220300	0.00361509
220350	0.00359933
220400	0.00360549
220450	0.00361012
220500	0.00361141
220550	0.00360339
220600	0.00361844
220650	0.00361274
220700	0.00362297
220750	0.00361682
220800	0.0036217
220850	0.00361172
220900	0.0036063
220950	0.00363515
221000	0.00361909
221050	0.00361346
221100	0.00361922
221150	0.00363464
221200	0.00363674
221250	0.00362494
221300	0.00361879
221350	0.00363886
221400	0.00363747
221450	0.00362439
221500	0.00362696
221550	0.00364284
221600	0.00363296
221650	0.00362491
221700	0.00362759
221750	0.00363712
221800	0.0036561
221850	0.0036327
221900	0.00363592
221950	0.0036347
222000	0.00364506
222050	0.00363744
222100	0.00363752
222150	0.00363713
222200	0.00364376
222250	0.00363856
222300	0.00363926
222350	0.0036514
222400	0.00365836
222450	0.00365332
222500	0.00364516
222550	0.00365123
222600	0.00366176
222650	0.00365628
222700	0.00364193
222750	0.00366908
222800	0.0036492
222850	0.00365977
222900	0.00365155
222950	0.00367199
223000	0.00365892
223050	0.00366475
223100	0.00365772
223150	0.00365409
223200	0.00365041
223250	0.00365862
223300	0.00366026
223350	0.00366154
223400	0.00365372
223450	0.00365017
223500	0.00367021
223550	0.00365908
223600	0.00366389
223650	0.00365999
223700	0.00367777
223750	0.0036585
223800	0.00366051
223850	0.00365892
223900	0.0036741
223950	0.00367654
224000	0.00366891
224050	0.0036691
224100	0.00367905
224150	0.00367652
224200	0.00367093
224250	0.00367069
224300	0.00367981
224350	0.00367767
224400	0.00366913
224450	0.00367768
224500	0.00367704
224550	0.00367809
224600	0.00368122
224650	0.00368259
224700	0.00368094
224750	0.00368929
224800	0.00367284
224850	0.00367993
224900	0.00368651
224950	0.00368677
225000	0.00368923
225050	0.00369123
225100	0.00368864
225150	0.00369115
225200	0.00368427
225250	0.00369954
225300	0.00368243
225350	0.00369682
225400	0.0036965
225450	0.00369627
225500	0.00369682
225550	0.00369687
225600	0.00370258
225650	0.00369429
225700	0.00369071
225750	0.00370199
225800	0.00370421
225850	0.00369719
225900	0.00369952
225950	0.00370083
226000	0.00370655
226050	0.0037038
226100	0.00370173
226150	0.00370938
226200	0.00371931
226250	0.00370571
226300	0.00370607
226350	0.00370386
226400	0.00372275
226450	0.00370507
226500	0.00371306
226550	0.00372049
226600	0.00372334
226650	0.00370879
226700	0.00370636
226750	0.00371784
226800	0.00372289
226850	0.00371437
226900	0.00371147
226950	0.00371088
227000	0.00371976
227050	0.00371344
227100	0.00372211
227150	0.00371862
227200	0.00373525
227250	0.00371811
227300	0.0037192
227350	0.00373152
227400	0.0037221
227450	0.0037344
227500	0.00372765
227550	0.00371979
227600	0.00373899
227650	0.0037278
227700	0.00373739
227750	0.00372299
227800	0.00373051
227850	0.00373719
227900	0.0037339
227950	0.0037308
228000	0.00373971
228050	0.00374945
228100	0.00374741
228150	0.00373708
228200	0.00375207
228250	0.00375676
228300	0.00374087
228350	0.00374725
228400	0.00374969
228450	0.00375741
228500	0.00376116
228550	0.00375138
228600	0.0037722
228650	0.00376037
228700	0.00375546
228750	0.00375213
228800	0.00376588
228850	0.00376053
228900	0.0037583
228950	0.00375897
229000	0.00376097
229050	0.00377058
229100	0.00375412
229150	0.00375697
229200	0.00375484
229250	0.00376381
229300	0.00375254
229350	0.00376316
229400	0.00374735
229450	0.00376188
229500	0.00376402
229550	0.00377125
229600	0.00376783
229650	0.00377207
229700	0.00377956
229750	0.0037633
229800	0.00376832
229850	0.00376802
229900	0.00376618
229950	0.00378332
230000	0.00377305
230050	0.00379615
230100	0.00380736
230150	0.00376535
230200	0.0037767
230250	0.00378396
230300	0.00377558
230350	0.00377682
230400	0.00376964
230450	0.0037789
230500	0.00377608
230550	0.00376734
230600	0.00379145
230650	0.00377779
230700	0.00377779
230750	0.00376999
230800	0.00379483
230850	0.00379822
230900	0.00379052
230950	0.00378859
231000	0.00378455
231050	0.00378063
231100	0.00378954
231150	0.00379502
231200	0.00378708
231250	0.00379513
231300	0.00378867
231350	0.0037805
231400	0.00379929
231450	0.00378861
231500	0.00379224
231550	0.00380532
231600	0.00379899
231650	0.00379409
231700	0.00380707
231750	0.00378729
231800	0.00379555
231850	0.00380681
231900	0.00379277
231950	0.00380108
232000	0.00380015
232050	0.00380992
232100	0.00380987
232150	0.00381286
232200	0.0038093
232250	0.00381335
232300	0.00380989
232350	0.00379894
232400	0.00380617
232450	0.00381396
232500	0.00380822
232550	0.00382212
232600	0.00382493
232650	0.00381267
232700	0.00381395
232750	0.00381487
232800	0.00382561
232850	0.00381183
232900	0.00381744
232950	0.0038072
233000	0.00381766
233050	0.00381763
233100	0.0038221
233150	0.0038328
233200	0.00382386
233250	0.00382661
233300	0.0038201
233350	0.00383044
233400	0.00382358
233450	0.00382162
233500	0.00382758
233550	0.00382779
233600	0.00382214
233650	0.00382514
233700	0.00383458
233750	0.00383284
233800	0.00383544
233850	0.00382473
233900	0.00383053
233950	0.0038308
234000	0.0038329
234050	0.0038289
234100	0.00383493
234150	0.0038364
234200	0.00383164
234250	0.00384381
234300	0.00383341
234350	0.0038427
234400	0.00383975
234450	0.00384406
234500	0.00384038
234550	0.00387231
234600	0.00385314
234650	0.00388159
234700	0.00385736
234750	0.00386449
234800	0.00385166
234850	0.0038493
234900	0.00385346
234950	0.0038536
235000	0.00384831
235050	0.00385178
235100	0.00387243
235150	0.00386003
235200	0.00385591
235250	0.00384895
235300	0.0038636
235350	0.00386343
235400	0.00385747
235450	0.00384819
235500	0.00385833
235550	0.00386702
235600	0.00386663
235650	0.00387018
235700	0.00386752
235750	0.00386226
235800	0.00386252
235850	0.00386845
235900	0.00386052
235950	0.00386664
236000	0.00386504
236050	0.00386633
236100	0.00387398
236150	0.00389035
236200	0.00388398
236250	0.00387898
236300	0.00388438
236350	0.00389223
236400	0.00388064
236450	0.00388272
236500	0.00387657
236550	0.00386862
236600	0.00387334
236650	0.00388641
236700	0.003926
236750	0.00387895
236800	0.00388469
236850	0.0038759
236900	0.00388763
236950	0.00388199
237000	0.00388824
237050	0.00389327
237100	0.00388276
237150	0.00388426
237200	0.00389035
237250	0.00388299
237300	0.00388688
237350	0.00387557
237400	0.00389462
237450	0.00389068
237500	0.00389094
237550	0.00388041
237600	0.00389564
237650	0.00388815
237700	0.00388277
237750	0.0039019
237800	0.00389533
237850	0.0038978
237900	0.00389867
237950	0.00390327
238000	0.00389774
238050	0.00391022
238100	0.00391368
238150	0.00390722
238200	0.00390763
238250	0.00391343
238300	0.00390384
238350	0.00390312
238400	0.0039076
238450	0.00391166
238500	0.00390556
238550	0.00391351
238600	0.00391772
238650	0.00392034
238700	0.00390685
238750	0.00392859
238800	0.00391365
238850	0.00390958
238900	0.00391489
238950	0.00391704
239000	0.00391617
239050	0.00391971
239100	0.00393421
239150	0.0039205
239200	0.00391708
239250	0.00391858
239300	0.00393466
239350	0.00392088
239400	0.00392089
239450	0.00391943
239500	0.00392464
239550	0.00393497
239600	0.00394873
239650	0.00392982
239700	0.00392957
239750	0.00393115
239800	0.00393758
239850	0.00392653
239900	0.00393221
239950	0.00393036
240000	0.00393118
240050	0.00393149
240100	0.00393983
240150	0.00393504
240200	0.0039341
240250	0.00394196
240300	0.0039399
240350	0.0039345
240400	0.00393238
240450	0.00393971
240500	0.00394319
240550	0.00393941
240600	0.003944
240650	0.00394836
240700	0.0039437
240750	0.00393672
240800	0.00394507
240850	0.00395347
240900	0.00395979
240950	0.00396744
241000	0.00395387
241050	0.00395132
241100	0.00394939
241150	0.00396659
241200	0.0039552
241250	0.00394962
241300	0.00395213
241350	0.00396539
241400	0.00395445
241450	0.0039441
241500	0.00395879
241550	0.0039662
241600	0.00396957
241650	0.00396464
241700	0.00396386
241750	0.0039615
241800	0.00395131
241850	0.00397047
241900	0.00395784
241950	0.00396628
242000	0.00396571
242050	0.00397085
242100	0.00397306
242150	0.00397697
242200	0.00396298
242250	0.00397499
242300	0.00397009
242350	0.00396939
242400	0.00396805
242450	0.00396865
242500	0.00397481
242550	0.00397515
242600	0.00398071
242650	0.00398606
242700	0.00397194
242750	0.00397917
242800	0.00397932
242850	0.00399128
242900	0.00397486
242950	0.00398417
243000	0.00398777
243050	0.003985
243100	0.00397931
243150	0.00399542
243200	0.00399144
243250	0.00400464
243300	0.00398753
243350	0.00400166
243400	0.00399145
243450	0.00398345
243500	0.00399127
243550	0.00398967
243600	0.00398937
243650	0.00399191
243700	0.00399503
243750	0.00399038
243800	0.00399429
243850	0.00399213
243900	0.00400095
243950	0.00400529
244000	0.00399931
244050	0.0039974
244100	0.00399907
244150	0.00400682
244200	0.00399489
244250	0.00399916
244300	0.00400014
244350	0.00400637
244400	0.00399449
244450	0.00400772
244500	0.0040087
244550	0.00400812
244600	0.00401186
244650	0.00401181
244700	0.0040066
244750	0.0040052
244800	0.0040082
244850	0.00401594
244900	0.00401518
244950	0.00400568
245000	0.00401748
245050	0.00401443
245100	0.0040242
245150	0.0040181
245200	0.00401228
245250	0.00401435
245300	0.0040253
245350	0.00402644
245400	0.00401472
245450	0.00401544
245500	0.00402614
245550	0.0040305
245600	0.00402784
245650	0.00402522
245700	0.00402929
245750	0.00402781
245800	0.0040309
245850	0.00402437
245900	0.00402523
245950	0.00402621
246000	0.00403422
246050	0.00403502
246100	0.0040347
246150	0.00402877
246200	0.00403735
246250	0.00403317
246300	0.00404075
246350	0.00402578
246400	0.00403982
246450	0.00403527
246500	0.00403757
246550	0.00404006
246600	0.00404237
246650	0.00404434
246700	0.00403957
246750	0.00404509
246800	0.00405147
246850	0.004055
246900	0.00406913
246950	0.00404717
247000	0.00404687
247050	0.00405001
247100	0.00404456
247150	0.00405139
247200	0.00404314
247250	0.00405644
247300	0.00405684
247350	0.00404865
247400	0.00404974
247450	0.00407065
247500	0.00405698
247550	0.00405613
247600	0.00405934
247650	0.00406052
247700	0.00406209
247750	0.00405792
247800	0.00405943
247850	0.00405654
247900	0.00406197
247950	0.00406888
248000	0.00406493
248050	0.00406669
248100	0.004062
248150	0.00407234
248200	0.00406379
248250	0.00407004
248300	0.00406216
248350	0.00406637
248400	0.00407144
248450	0.0040782
248500	0.00407313
248550	0.0040732
248600	0.0040691
248650	0.00407351
248700	0.00408258
248750	0.0040709
248800	0.00406908
248850	0.0040733
248900	0.00409474
248950	0.00408986
249000	0.00407931
249050	0.00408268
249100	0.00407951
249150	0.00407542
249200	0.00409202
249250	0.00408005
249300	0.00408042
249350	0.00409741
249400	0.00413378
249450	0.00408809
249500	0.00409052
249550	0.00408962
249600	0.00408798
249650	0.00408807
249700	0.00409345
249750	0.00409563
249800	0.00408771
249850	0.0040943
249900	0.00409113
249950	0.00409441
250000	0.00409431
250050	0.00409986
250100	0.00410628
250150	0.00409828
250200	0.00409532
250250	0.00410758
250300	0.00412156
250350	0.00410453
250400	0.00410579
250450	0.0041093
250500	0.00411471
